390108.004  -2416988.906  5385238.363  2408087.552  10.188 4.411 
390108.104  -2416989.402  5385239.653  2408086.792  6.726 4.416 
390108.204  -2416986.282  5385233.704  2408098.065  10.062 3.993 
390108.304  -2416982.575  5385232.331  2408087.516  3.648 4.416 
390108.404  -2416978.162  5385226.388  2408083.940  3.578 4.411 
390108.504  -2416980.660  5385230.142  2408092.076  6.348 3.994 
390108.604  -2416983.199  5385229.034  2408091.373  2.972 3.465 
390108.704  -2416982.270  5385227.930  2408088.603  1.909 3.809 
390108.804  -2416986.719  5385229.049  2408085.307  2.750 3.809 
390108.904  -2416984.157  5385228.021  2408084.194  0.740 3.809 
390109.004  -2416987.304  5385229.204  2408086.503  3.399 3.896 
390109.104  -2416987.827  5385231.540  2408084.655  3.058 3.809 
390109.204  -2416980.730  5385227.820  2408084.043  4.564 4.452 
390109.304  -2416979.460  5385235.507  2408086.014  1.436 3.817 
390109.404  -2416981.776  5385229.922  2408084.907  5.058 6.241 
390109.504  -2416982.067  5385232.463  2408087.979  5.064 12.498 
390109.604  -2416978.491  5385229.794  2408085.290  5.257 4.692 
390109.704  -2416978.260  5385230.197  2408086.677  3.939 3.994 
390109.804  -2416981.987  5385232.442  2408088.116  3.023 3.465 
390109.904  -2416981.515  5385232.969  2408091.140  3.231 3.404 
390110.004  -2416984.460  5385236.244  2408095.255  2.135 3.465 
390110.104  -2416985.379  5385235.564  2408097.568  7.998 15.873 
390110.204  -2416983.437  5385231.711  2408092.500  3.285 3.465 
390110.304  -2416982.988  5385224.300  2408088.819  2.952 3.465 
390110.404  -2416979.370  5385222.209  2408086.950  4.303 4.687 
390110.504  -2416980.666  5385227.819  2408086.213  2.708 3.537 
390110.604  -2416978.300  5385224.298  2408086.974  3.882 4.687 
390110.704  -2416978.534  5385227.609  2408094.205  9.004 3.896 
390110.804  -2416981.135  5385231.504  2408094.353  7.956 12.478 
390110.904  -2416985.264  5385227.356  2408097.606  6.084 12.477 
390111.004  -2416984.951  5385229.789  2408098.754  5.015 12.475 
390111.104  -2416984.843  5385233.198  2408098.178  2.274 4.627 
390111.204  -2416983.880  5385234.840  2408097.709  5.408 4.686 
390111.304  -2416980.161  5385239.030  2408089.038  4.155 3.905 
390111.404  -2416986.063  5385234.829  2408092.218  3.077 4.627 
390111.504  -2416983.535  5385225.875  2408085.096  9.157 3.995 
390111.604  -2416984.759  5385228.911  2408083.251  5.814 12.466 
390111.704  -2416986.280  5385234.417  2408089.254  3.310 3.404 
390111.804  -2416987.619  5385236.536  2408088.216  2.053 3.810 
390111.904  -2416984.733  5385231.805  2408093.403  5.255 4.690 
390112.004  -2416985.748  5385227.263  2408088.077  6.300 12.460 
390112.104  -2416984.476  5385229.285  2408088.525  6.145 12.458 
390112.204  -2416984.559  5385233.810  2408091.385  5.737 12.457 
390112.304  -2416984.930  5385234.951  2408095.851  3.371 4.685 
390112.404  -2416982.496  5385233.869  2408093.022  7.032 3.897 
390112.504  -2416984.842  5385230.365  2408095.681  6.038 4.689 
390112.604  -2416984.797  5385228.572  2408093.156  4.800 12.451 
390112.704  -2416983.300  5385230.386  2408091.025  4.485 5.024 
390112.804  -2416976.003  5385222.332  2408093.006  6.072 3.897 
390112.904  -2416975.758  5385225.901  2408095.164  3.460 12.446 
390113.004  -2416978.441  5385229.075  2408096.910  2.634 3.811 
390113.104  -2416984.075  5385231.874  2408096.450  7.629 3.995 
390113.204  -2416983.241  5385232.582  2408093.182  2.650 3.466 
390113.304  -2416981.126  5385229.817  2408089.468  2.304 3.404 
390113.404  -2416982.691  5385223.515  2408085.651  2.483 3.811 
390113.504  -2416985.190  5385231.066  2408094.853  2.935 3.466 
390113.604  -2416986.094  5385234.658  2408093.093  2.534 3.466 
390113.704  -2416984.820  5385232.705  2408088.622  4.257 3.898 
390113.804  -2416984.355  5385234.128  2408090.531  2.792 3.466 
390113.904  -2416986.327  5385237.349  2408091.480  2.197 3.466 
390114.004  -2416983.625  5385234.846  2408091.906  3.692 4.452 
390114.104  -2416988.652  5385235.418  2408097.986  6.277 15.332 
390114.204  -2416980.841  5385221.046  2408097.118  5.741 5.021 
390114.304  -2416985.639  5385226.573  2408091.385  4.246 4.957 
390114.404  -2416985.972  5385222.619  2408092.112  4.230 4.452 
390114.504  -2416991.934  5385233.793  2408091.328  8.153 3.996 
390114.604  -2416985.463  5385228.600  2408090.094  7.802 3.996 
390114.704  -2416981.912  5385227.445  2408088.691  8.245 3.996 
390114.804  -2416980.622  5385228.656  2408094.048  7.622 3.996 
390114.904  -2416978.998  5385227.587  2408092.476  6.278 3.898 
390115.004  -2416977.114  5385227.699  2408090.292  6.165 5.860 
390115.104  -2416977.025  5385224.247  2408088.674  7.431 12.412 
390115.204  -2416981.412  5385226.514  2408087.940  5.008 12.410 
390115.304  -2416982.398  5385231.574  2408088.083  3.066 4.622 
390115.404  -2416986.009  5385234.380  2408082.221  5.414 12.407 
390115.504  -2416986.297  5385236.341  2408083.811  6.036 3.898 
390115.604  -2416986.382  5385232.571  2408084.984  3.181 3.812 
390115.704  -2416987.444  5385236.196  2408090.188  2.883 3.812 
390115.804  -2416983.060  5385232.671  2408089.188  3.547 3.940 
390115.904  -2416981.390  5385232.094  2408093.058  1.802 3.537 
390116.004  -2416977.624  5385230.639  2408090.907  4.923 3.899 
390116.104  -2416976.458  5385228.747  2408093.923  4.172 4.680 
390116.204  -2416978.262  5385232.599  2408091.407  6.876 3.899 
390116.304  -2416976.983  5385229.195  2408094.185  6.241 3.911 
390116.404  -2416975.775  5385222.841  2408092.295  5.800 3.899 
390116.504  -2416978.093  5385220.125  2408091.277  6.970 3.911 
390116.604  -2416986.417  5385226.033  2408092.566  5.793 3.997 
390116.704  -2416986.859  5385224.182  2408095.662  3.252 3.467 
390116.804  -2416986.295  5385227.521  2408095.186  4.633 4.685 
390116.904  -2416990.108  5385235.135  2408094.028  5.127 4.685 
390117.004  -2416985.385  5385228.374  2408092.604  4.837 4.452 
390117.104  -2416986.095  5385232.679  2408092.034  5.351 4.954 
390117.204  -2416985.680  5385233.446  2408093.292  5.651 4.452 
390117.304  -2416992.783  5385241.095  2408090.955  6.458 12.377 
390117.404  -2416989.803  5385240.402  2408089.188  4.043 4.452 
390117.504  -2416991.573  5385243.663  2408090.116  4.626 15.159 
390117.604  -2416992.032  5385246.328  2408090.823  6.640 15.154 
390117.704  -2416990.480  5385245.729  2408089.143  5.869 3.997 
390117.804  -2416991.949  5385247.800  2408088.345  7.559 3.997 
390117.904  -2416986.758  5385237.880  2408087.101  4.587 4.684 
390118.004  -2416988.762  5385239.539  2408083.319  4.503 4.417 
390118.104  -2416983.890  5385234.518  2408088.897  3.308 3.813 
390118.204  -2416987.237  5385233.946  2408086.820  4.428 4.417 
390118.304  -2416980.569  5385234.667  2408089.316  5.290 5.869 
390118.404  -2416984.019  5385230.301  2408093.100  3.932 4.683 
390118.504  -2416983.554  5385230.247  2408092.904  4.160 4.677 
390118.604  -2416977.422  5385226.586  2408089.040  5.368 4.677 
390118.704  -2416977.275  5385225.190  2408091.017  5.205 3.900 
390118.804  -2416984.432  5385233.324  2408094.927  5.195 4.452 
390118.904  -2416984.926  5385235.736  2408095.054  6.023 4.452 
390119.004  -2416987.224  5385238.870  2408093.460  3.501 4.452 
390119.104  -2416985.394  5385237.044  2408091.360  3.173 4.053 
390119.204  -2416984.562  5385236.051  2408092.551  3.459 5.012 
390119.304  -2416977.281  5385228.319  2408093.017  1.173 3.537 
390119.404  -2416984.567  5385236.378  2408092.541  2.385 4.053 
390119.504  -2416984.819  5385232.465  2408089.350  4.746 4.452 
390119.604  -2416979.986  5385222.356  2408087.744  3.125 3.406 
390119.704  -2416984.604  5385230.415  2408086.465  2.015 3.870 
390119.804  -2416982.385  5385232.210  2408093.115  4.607 3.900 
390119.904  -2416982.784  5385232.789  2408091.356  3.403 3.998 
390120.004  -2416983.775  5385237.231  2408096.531  1.808 3.813 
390120.104  -2416982.449  5385236.280  2408096.696  3.768 3.900 
390120.204  -2416985.291  5385237.590  2408095.867  2.680 3.813 
390120.304  -2416987.661  5385239.116  2408091.272  5.806 4.681 
390120.404  -2416987.693  5385242.194  2408097.196  2.250 3.813 
390120.504  -2416986.340  5385242.253  2408098.874  4.326 4.452 
390120.604  -2416983.731  5385237.665  2408096.098  5.801 3.998 
390120.704  -2416989.278  5385241.913  2408096.278  5.753 3.998 
390120.804  -2416986.394  5385240.843  2408098.529  7.334 3.999 
390120.904  -2416988.352  5385241.240  2408098.969  7.813 3.999 
390121.004  -2416987.614  5385235.600  2408093.148  6.051 3.999 
390121.104  -2416988.145  5385236.290  2408091.760  6.690 3.999 
390121.204  -2416991.164  5385235.826  2408091.388  6.265 3.999 
390121.304  -2416990.952  5385236.975  2408090.426  6.530 3.999 
390121.404  -2416992.234  5385240.587  2408088.960  9.060 3.906 
390121.504  -2416995.853  5385242.916  2408089.317  8.508 14.962 
390121.604  -2416990.897  5385238.532  2408086.297  3.976 3.906 
390121.704  -2416992.210  5385242.233  2408090.243  5.465 3.999 
390121.804  -2416984.053  5385231.047  2408084.907  4.808 12.305 
390121.904  -2416983.659  5385228.437  2408086.508  8.083 4.452 
390122.004  -2416985.867  5385231.882  2408084.226  6.697 4.452 
390122.104  -2416981.180  5385222.575  2408083.883  6.916 5.879 
390122.204  -2416983.135  5385228.669  2408089.924  4.264 4.452 
390122.304  -2416983.888  5385230.535  2408090.351  4.770 12.297 
390122.404  -2416983.990  5385232.391  2408089.167  8.748 3.999 
390122.504  -2416987.574  5385242.057  2408092.389  8.882 4.948 
390122.604  -2416986.308  5385241.153  2408093.826  4.509 4.948 
390122.704  -2416989.640  5385238.179  2408089.786  5.791 5.005 
390122.804  -2416992.173  5385242.268  2408088.330  5.368 5.005 
390122.904  -2416980.574  5385224.881  2408091.754  5.919 4.678 
390123.004  -2416988.345  5385237.451  2408091.784  6.048 15.219 
390123.104  -2416981.550  5385230.921  2408089.959  6.692 14.885 
390123.204  -2416989.236  5385241.594  2408089.806  4.734 5.004 
390123.304  -2416981.805  5385233.301  2408093.012  6.031 12.281 
390123.404  -2416988.901  5385241.573  2408086.719  3.694 6.266 
390123.504  -2416986.300  5385239.507  2408092.206  2.609 4.611 
390123.604  -2416984.504  5385237.479  2408088.515  1.611 3.406 
390123.704  -2416984.998  5385231.899  2408087.352  2.749 3.336 
390123.804  -2416979.693  5385225.813  2408086.053  3.280 3.377 
390123.904  -2416979.011  5385222.886  2408085.231  3.652 3.906 
390124.004  -2416979.741  5385223.826  2408085.067  3.037 3.815 
390124.104  -2416980.732  5385228.680  2408090.991  2.575 3.406 
390124.204  -2416981.430  5385229.960  2408094.649  3.115 3.874 
390124.304  -2416984.309  5385234.621  2408093.120  1.877 3.815 
390124.404  -2416985.711  5385235.008  2408092.905  4.537 5.886 
390124.504  -2416984.247  5385238.770  2408097.119  3.059 3.815 
390124.604  -2416986.942  5385241.621  2408094.006  1.123 3.815 
390124.704  -2416989.548  5385239.712  2408090.810  2.931 3.406 
390124.804  -2416991.672  5385239.689  2408094.101  3.328 3.406 
390124.904  -2416989.841  5385238.966  2408092.692  2.909 4.610 
390125.004  -2416987.382  5385238.297  2408095.354  3.221 3.537 
390125.104  -2416982.378  5385235.165  2408093.560  4.060 5.001 
390125.204  -2416985.425  5385238.929  2408090.783  2.643 3.406 
390125.304  -2416981.742  5385236.370  2408088.381  1.901 3.537 
390125.404  -2416978.692  5385232.930  2408090.663  3.940 4.668 
390125.504  -2416981.860  5385236.398  2408093.079  2.623 3.468 
390125.604  -2416983.765  5385232.979  2408088.339  2.471 3.815 
390125.704  -2416975.464  5385220.312  2408097.585  2.481 4.051 
390125.804  -2416972.828  5385218.889  2408090.399  3.828 4.452 
390125.904  -2416984.330  5385231.505  2408085.799  4.560 4.419 
390126.004  -2416983.649  5385233.750  2408086.307  6.021 3.948 
390126.104  -2416988.477  5385235.317  2408087.481  4.773 3.948 
390126.204  -2416985.968  5385237.409  2408085.772  6.473 4.419 
390126.304  -2416986.614  5385233.603  2408087.129  3.889 4.422 
390126.404  -2416987.438  5385237.154  2408087.815  4.229 4.422 
390126.504  -2416988.274  5385239.166  2408081.880  6.199 3.948 
390126.604  -2416987.086  5385240.176  2408083.088  4.776 4.446 
390126.704  -2416983.153  5385235.928  2408088.495  3.622 3.336 
390126.804  -2416984.024  5385228.614  2408085.489  1.538 3.537 
390126.904  -2416982.755  5385230.758  2408087.527  2.685 3.407 
390127.004  -2416987.012  5385227.402  2408088.958  3.609 5.893 
390127.104  -2416989.154  5385225.645  2408092.379  7.915 5.893 
390127.204  -2416990.037  5385227.747  2408092.709  10.163 5.894 
390127.304  -2416986.312  5385224.994  2408094.084  6.566 5.894 
390127.404  -2416991.089  5385246.153  2408092.145  5.288 4.997 
390127.504  -2416991.300  5385245.373  2408091.058  3.274 4.051 
390127.604  -2416991.501  5385246.406  2408089.964  1.711 4.051 
390127.704  -2416990.480  5385242.838  2408089.245  4.608 4.452 
390127.804  -2416982.703  5385234.726  2408089.379  6.011 3.903 
390127.904  -2416983.456  5385235.695  2408093.295  6.929 12.205 
390128.004  -2416981.470  5385233.995  2408091.314  6.816 5.896 
390128.104  -2416984.992  5385233.907  2408092.119  3.680 12.202 
390128.204  -2416986.674  5385235.168  2408091.277  0.629 4.605 
390128.304  -2416988.349  5385238.030  2408090.669  2.006 4.605 
390128.404  -2416985.145  5385235.028  2408090.236  4.609 6.274 
390128.504  -2416984.857  5385233.262  2408094.576  2.523 4.605 
390128.604  -2416982.818  5385235.837  2408092.131  3.341 3.818 
390128.704  -2416987.314  5385234.156  2408092.050  2.855 3.817 
390128.804  -2416986.364  5385233.492  2408091.498  3.229 3.407 
390128.904  -2416983.041  5385231.357  2408090.316  3.626 3.407 
390129.004  -2416980.114  5385228.146  2408091.745  2.234 4.604 
390129.104  -2416981.523  5385229.286  2408092.046  2.419 3.817 
390129.204  -2416984.120  5385232.506  2408089.697  2.637 3.817 
390129.304  -2416982.060  5385226.230  2408093.082  3.484 5.900 
390129.404  -2416983.678  5385227.103  2408091.191  2.943 3.407 
390129.504  -2416983.833  5385231.840  2408093.085  2.624 3.817 
390129.604  -2416981.956  5385228.580  2408088.079  2.740 4.050 
390129.704  -2416986.543  5385236.629  2408088.714  5.695 4.452 
390129.804  -2416981.100  5385233.287  2408091.949  6.367 4.002 
390129.904  -2416980.756  5385231.294  2408089.400  2.555 3.817 
390130.004  -2416978.682  5385223.608  2408085.169  2.706 3.469 
390130.104  -2416980.226  5385225.429  2408086.702  2.283 3.407 
390130.204  -2416982.769  5385230.810  2408090.344  3.457 3.407 
390130.304  -2416980.595  5385230.338  2408094.317  3.037 3.817 
390130.404  -2416982.853  5385230.894  2408089.136  3.192 3.470 
390130.504  -2416987.548  5385236.179  2408088.881  1.789 3.537 
390130.604  -2416980.864  5385222.758  2408088.277  5.219 4.991 
390130.704  -2416985.889  5385233.952  2408089.394  4.987 4.424 
390130.804  -2416985.293  5385232.662  2408095.465  6.063 3.905 
390130.904  -2416986.460  5385229.081  2408092.037  5.018 3.905 
390131.004  -2416981.037  5385221.592  2408093.107  4.366 4.452 
390131.104  -2416985.005  5385232.480  2408094.076  5.937 3.905 
390131.204  -2416991.321  5385233.948  2408095.581  3.155 3.537 
390131.304  -2416978.841  5385223.199  2408095.321  1.609 4.049 
390131.404  -2416985.787  5385236.401  2408094.236  2.687 3.537 
390131.504  -2416981.645  5385232.654  2408089.484  2.976 3.470 
390131.604  -2416986.466  5385238.444  2408089.532  5.822 4.669 
390131.704  -2416989.092  5385239.887  2408093.535  4.997 3.905 
390131.804  -2416987.234  5385239.131  2408089.372  3.505 14.483 
390131.904  -2416987.572  5385240.865  2408091.467  4.271 14.479 
390132.004  -2416978.140  5385228.815  2408088.796  2.604 4.049 
390132.104  -2416975.835  5385223.871  2408085.832  4.892 4.452 
390132.204  -2416980.535  5385226.118  2408088.824  2.594 4.049 
390132.304  -2416990.009  5385237.773  2408086.736  1.540 3.537 
390132.404  -2416984.962  5385228.998  2408084.410  5.450 3.906 
390132.504  -2416989.807  5385232.490  2408088.672  2.918 3.537 
390132.604  -2416986.044  5385232.841  2408087.387  2.163 3.470 
390132.704  -2416989.484  5385237.674  2408090.790  4.712 3.905 
390132.804  -2416987.345  5385229.162  2408091.071  6.674 3.905 
390132.904  -2416981.387  5385221.673  2408089.253  2.926 3.470 
390133.004  -2416977.849  5385219.813  2408085.823  1.692 3.470 
390133.104  -2416984.763  5385229.606  2408092.799  3.533 3.408 
390133.204  -2416981.454  5385226.590  2408090.737  3.555 3.408 
390133.304  -2416985.817  5385234.201  2408089.289  1.201 4.049 
390133.404  -2416988.035  5385239.982  2408089.782  4.005 4.451 
390133.504  -2416977.988  5385229.411  2408092.182  4.095 3.954 
390133.604  -2416978.329  5385226.002  2408097.599  1.582 3.537 
390133.704  -2416979.138  5385221.909  2408091.190  1.282 3.537 
390133.804  -2416982.115  5385227.958  2408088.961  0.991 4.049 
390133.904  -2416983.823  5385233.819  2408088.947  3.513 4.451 
390134.004  -2416982.207  5385227.413  2408084.405  4.078 4.451 
390134.104  -2416977.609  5385227.477  2408092.761  3.028 3.818 
390134.204  -2416976.063  5385227.301  2408089.348  2.392 3.470 
390134.304  -2416981.847  5385233.614  2408089.698  2.050 3.470 
390134.404  -2416982.666  5385232.880  2408088.935  4.376 4.004 
390134.504  -2416982.755  5385230.266  2408090.469  4.794 4.004 
390134.604  -2416984.704  5385230.369  2408097.902  1.676 4.597 
390134.704  -2416984.780  5385233.870  2408095.600  1.880 4.597 
390134.804  -2416981.469  5385230.474  2408087.027  4.301 4.666 
390134.904  -2416982.290  5385228.584  2408085.290  2.751 3.408 
390135.004  -2416983.551  5385228.098  2408088.353  3.022 3.537 
390135.104  -2416982.179  5385223.723  2408092.017  3.511 3.913 
390135.204  -2416975.816  5385221.987  2408091.452  3.501 4.451 
390135.304  -2416982.591  5385234.392  2408093.163  6.141 4.665 
390135.404  -2416980.838  5385235.745  2408092.863  4.061 4.005 
390135.504  -2416982.339  5385239.757  2408096.116  4.643 12.078 
390135.604  -2416980.279  5385242.489  2408099.049  5.610 4.451 
390135.704  -2416983.405  5385244.984  2408095.394  4.071 3.906 
390135.804  -2416984.014  5385247.024  2408099.247  8.149 3.907 
390135.904  -2416987.368  5385244.300  2408098.062  8.382 3.907 
390136.004  -2416983.947  5385244.618  2408097.756  6.273 3.907 
390136.104  -2416986.303  5385244.407  2408092.651  4.466 3.907 
390136.204  -2416992.930  5385252.414  2408096.154  12.217 4.451 
390136.304  -2416996.745  5385250.951  2408091.475  5.734 3.907 
390136.404  -2416989.895  5385242.026  2408087.782  3.505 3.408 
390136.504  -2416985.109  5385234.844  2408086.442  2.834 3.408 
390136.604  -2416983.002  5385232.517  2408091.478  3.582 12.060 
390136.704  -2416986.906  5385232.933  2408091.192  1.565 4.595 
390136.804  -2416981.447  5385236.331  2408088.807  1.459 3.819 
390136.904  -2416982.634  5385225.439  2408084.951  5.220 12.055 
390137.004  -2416984.732  5385226.044  2408088.472  3.880 12.053 
390137.104  -2416981.683  5385226.885  2408093.819  2.411 3.471 
390137.204  -2416980.912  5385227.947  2408089.193  3.290 3.408 
390137.304  -2416986.315  5385234.743  2408089.018  3.169 3.537 
390137.404  -2416981.049  5385229.185  2408085.116  1.041 4.048 
390137.504  -2416981.066  5385225.673  2408083.910  3.117 4.048 
390137.604  -2416981.508  5385229.028  2408088.769  4.483 3.907 
390137.704  -2416975.400  5385224.717  2408088.888  3.557 4.978 
390137.804  -2416980.682  5385231.440  2408088.351  4.121 4.653 
390137.904  -2416979.525  5385225.800  2408083.930  6.171 3.907 
390138.004  -2416983.537  5385230.472  2408090.832  6.406 4.653 
390138.104  -2416979.724  5385226.357  2408089.317  7.076 3.907 
390138.204  -2416979.572  5385228.330  2408086.813  5.107 3.957 
390138.304  -2416981.831  5385232.204  2408089.211  4.301 4.653 
390138.404  -2416985.107  5385234.557  2408086.111  5.700 3.908 
390138.504  -2416981.020  5385231.377  2408086.589  3.588 3.409 
390138.604  -2416983.081  5385233.041  2408087.875  3.197 3.537 
390138.704  -2416978.666  5385234.067  2408099.870  5.566 4.451 
390138.804  -2416982.443  5385236.707  2408095.468  2.445 3.820 
390138.904  -2416986.872  5385236.888  2408095.741  3.544 3.908 
390139.004  -2416985.277  5385233.172  2408089.617  2.916 3.471 
390139.104  -2416990.943  5385240.368  2408096.007  4.297 3.913 
390139.204  -2416993.325  5385244.629  2408096.018  5.115 3.908 
390139.304  -2416993.725  5385242.129  2408096.532  1.871 3.537 
390139.404  -2416983.509  5385234.818  2408097.956  6.334 3.908 
390139.504  -2416982.298  5385232.938  2408092.113  3.614 3.409 
390139.604  -2416982.585  5385233.203  2408089.648  3.571 3.409 
390139.704  -2416980.282  5385230.306  2408086.667  3.732 14.141 
390139.804  -2416984.230  5385228.116  2408084.836  5.032 4.006 
390139.904  -2416984.703  5385232.970  2408091.027  2.203 4.591 
390140.004  -2416981.248  5385227.886  2408088.434  3.906 14.453 
390140.104  -2416979.357  5385226.227  2408088.643  3.820 14.124 
390140.204  -2416976.691  5385225.520  2408091.472  4.713 4.006 
390140.304  -2416974.137  5385225.686  2408094.212  5.401 5.931 
390140.404  -2416978.360  5385223.581  2408093.720  3.145 4.590 
390140.504  -2416972.073  5385227.116  2408090.050  5.032 5.932 
390140.604  -2416975.076  5385231.510  2408089.223  2.365 3.820 
390140.704  -2416978.246  5385225.186  2408087.881  4.575 11.990 
390140.804  -2416975.423  5385223.705  2408088.062  2.942 3.821 
390140.904  -2416976.977  5385225.586  2408085.310  4.693 4.007 
390141.004  -2416979.162  5385230.955  2408092.614  2.499 3.537 
390141.104  -2416978.817  5385220.918  2408095.060  3.657 4.649 
390141.204  -2416978.919  5385223.787  2408092.613  2.817 3.537 
390141.304  -2416973.400  5385217.367  2408089.523  3.924 4.451 
390141.404  -2416973.321  5385215.386  2408089.076  5.283 14.395 
390141.504  -2416977.902  5385223.091  2408090.749  5.351 4.971 
390141.604  -2416977.479  5385221.591  2408090.904  7.733 4.925 
390141.704  -2416975.869  5385215.844  2408092.298  4.807 4.925 
390141.804  -2416977.325  5385221.218  2408091.916  3.035 4.046 
390141.904  -2416980.681  5385223.393  2408089.933  3.120 4.046 
390142.004  -2416983.241  5385229.450  2408092.900  5.058 4.970 
390142.104  -2416978.033  5385225.173  2408092.498  4.986 4.451 
390142.204  -2416984.445  5385237.462  2408091.025  4.202 4.451 
390142.304  -2416983.292  5385235.689  2408088.916  3.269 4.588 
390142.404  -2416982.917  5385240.302  2408096.232  6.348 4.451 
390142.504  -2416980.734  5385235.615  2408091.264  2.460 3.822 
390142.604  -2416984.936  5385232.311  2408089.225  2.616 3.409 
390142.704  -2416989.951  5385234.563  2408090.081  2.176 3.537 
390142.804  -2416981.374  5385227.668  2408087.832  3.696 3.907 
390142.904  -2416979.620  5385228.338  2408088.511  1.605 3.472 
390143.004  -2416979.637  5385225.486  2408092.856  1.707 3.472 
390143.104  -2416977.085  5385223.319  2408087.799  3.208 3.472 
390143.204  -2416979.606  5385230.856  2408093.217  6.156 3.909 
390143.304  -2416981.838  5385232.681  2408089.187  4.992 4.646 
390143.404  -2416983.750  5385229.551  2408088.341  2.158 3.537 
390143.504  -2416982.444  5385223.437  2408087.702  3.483 3.910 
390143.604  -2416980.109  5385225.148  2408087.286  1.260 3.537 
390143.704  -2416980.756  5385227.487  2408088.522  2.163 3.537 
390143.804  -2416975.480  5385225.048  2408087.115  3.345 3.472 
390143.904  -2416982.436  5385232.105  2408089.775  3.169 3.537 
390144.004  -2416977.094  5385226.039  2408088.330  4.947 4.008 
390144.104  -2416975.918  5385227.766  2408086.127  5.400 4.804 
390144.204  -2416974.900  5385224.955  2408085.599  5.801 4.008 
390144.304  -2416977.611  5385231.736  2408093.375  5.320 4.008 
390144.404  -2416972.850  5385223.994  2408088.154  6.252 4.008 
390144.504  -2416982.715  5385235.850  2408095.799  8.412 3.910 
390144.604  -2416981.945  5385232.702  2408090.452  3.434 4.656 
390144.704  -2416990.894  5385239.865  2408090.887  3.598 3.910 
390144.804  -2416986.204  5385232.889  2408090.706  5.694 4.645 
390144.904  -2416985.671  5385229.654  2408092.353  5.038 13.927 
390145.004  -2416985.628  5385230.784  2408091.163  1.728 3.537 
390145.104  -2416980.987  5385228.875  2408088.786  2.825 3.410 
390145.204  -2416983.811  5385234.228  2408090.366  3.774 4.451 
390145.304  -2416986.607  5385233.577  2408087.996  5.341 3.910 
390145.404  -2416985.596  5385233.614  2408086.845  2.309 4.584 
390145.504  -2416984.564  5385234.274  2408089.719  0.804 4.584 
390145.604  -2416986.356  5385228.688  2408088.148  2.497 3.537 
390145.704  -2416978.720  5385222.717  2408083.239  3.623 4.067 
390145.804  -2416981.423  5385230.328  2408087.598  5.002 11.902 
390145.904  -2416980.285  5385232.899  2408092.844  7.042 5.948 
390146.004  -2416987.072  5385234.159  2408093.984  6.402 11.898 
390146.104  -2416982.497  5385231.286  2408096.338  9.016 11.896 
390146.204  -2416979.837  5385229.453  2408095.772  5.695 11.895 
390146.304  -2416980.132  5385230.016  2408096.753  4.862 11.893 
390146.404  -2416983.874  5385236.888  2408096.427  5.702 4.962 
390146.504  -2416982.468  5385235.670  2408092.017  3.773 4.654 
390146.604  -2416978.813  5385233.032  2408089.845  5.276 11.888 
390146.704  -2416982.893  5385230.035  2408092.830  4.371 11.886 
390146.804  -2416986.551  5385237.545  2408091.610  1.454 4.045 
390146.904  -2416986.017  5385236.925  2408094.991  3.120 3.891 
390147.004  -2416989.614  5385239.975  2408089.425  4.507 5.951 
390147.104  -2416988.191  5385240.655  2408089.852  2.947 3.823 
390147.204  -2416987.622  5385238.947  2408087.584  3.251 3.823 
390147.304  -2416985.920  5385236.754  2408089.157  5.789 4.451 
390147.404  -2416988.040  5385236.778  2408086.839  4.008 4.009 
390147.504  -2416979.859  5385226.230  2408085.810  1.838 4.045 
390147.604  -2416975.864  5385218.324  2408091.455  10.660 4.451 
390147.704  -2416980.872  5385231.150  2408092.154  9.208 3.911 
390147.804  -2416979.663  5385224.942  2408090.098  6.920 3.911 
390147.904  -2416985.306  5385222.795  2408088.072  6.710 4.641 
390148.004  -2416980.236  5385221.596  2408087.856  3.626 4.652 
390148.104  -2416984.313  5385229.069  2408086.681  1.708 4.580 
390148.204  -2416985.064  5385232.204  2408090.399  0.645 3.537 
390148.304  -2416982.866  5385225.049  2408090.696  4.156 3.912 
390148.404  -2416974.228  5385212.679  2408087.045  0.849 4.044 
390148.504  -2416979.408  5385222.034  2408085.889  1.840 4.044 
390148.604  -2416984.480  5385232.358  2408090.069  3.645 3.912 
390148.704  -2416985.792  5385234.366  2408088.485  3.034 3.410 
390148.804  -2416979.643  5385222.923  2408086.522  2.940 3.473 
390148.904  -2416980.569  5385228.143  2408088.467  3.389 3.410 
390149.004  -2416976.862  5385226.363  2408087.367  4.296 4.640 
390149.104  -2416977.276  5385227.327  2408085.523  4.550 4.651 
390149.204  -2416982.491  5385233.636  2408092.606  2.391 4.579 
390149.304  -2416982.234  5385235.620  2408094.189  3.384 11.841 
390149.404  -2416981.488  5385230.289  2408098.310  4.442 11.839 
390149.504  -2416983.438  5385234.488  2408097.741  3.648 4.010 
390149.604  -2416983.780  5385235.100  2408095.326  6.565 4.010 
390149.704  -2416987.734  5385240.866  2408096.982  6.082 4.010 
390149.804  -2416981.344  5385237.475  2408097.817  5.932 4.010 
390149.904  -2416978.155  5385230.223  2408090.765  2.576 3.537 
390150.004  -2416982.406  5385232.509  2408088.996  3.610 3.411 
390150.104  -2416984.775  5385237.820  2408087.665  2.562 4.044 
390150.204  -2416984.975  5385238.033  2408089.117  2.849 4.044 
390150.304  -2416982.153  5385233.564  2408090.597  2.069 3.474 
390150.404  -2416986.240  5385231.515  2408090.398  2.445 3.820 
390150.504  -2416981.586  5385232.556  2408090.041  3.506 13.705 
390150.604  -2416981.172  5385230.760  2408086.663  5.283 13.702 
390150.704  -2416980.243  5385232.518  2408094.391  5.541 4.011 
390150.804  -2416981.645  5385235.449  2408094.700  5.205 4.011 
390150.904  -2416978.671  5385226.891  2408086.938  4.988 4.011 
390151.004  -2416980.550  5385228.820  2408085.360  3.418 4.011 
390151.104  -2416982.168  5385231.170  2408084.943  2.121 3.825 
390151.204  -2416980.034  5385231.488  2408088.928  6.654 3.913 
390151.304  -2416985.426  5385234.947  2408087.590  3.126 3.537 
390151.404  -2416990.523  5385240.574  2408089.155  2.179 3.537 
390151.504  -2416982.482  5385235.684  2408097.867  8.083 4.451 
390151.604  -2416981.353  5385232.057  2408096.906  4.494 3.913 
390151.704  -2416983.001  5385230.144  2408093.520  5.594 13.659 
390151.804  -2416967.028  5385199.065  2408085.674  3.218 4.043 
390151.904  -2416978.291  5385215.469  2408086.483  1.285 3.537 
390152.004  -2416978.633  5385216.969  2408086.089  2.329 3.474 
390152.104  -2416985.132  5385222.244  2408087.798  3.537 3.411 
390152.204  -2416991.069  5385230.950  2408093.104  7.679 4.636 
390152.304  -2416989.311  5385233.007  2408091.716  3.962 4.635 
390152.404  -2416984.425  5385229.508  2408090.097  2.869 3.474 
390152.504  -2416983.449  5385232.229  2408091.180  3.530 13.629 
390152.604  -2416990.700  5385244.368  2408091.582  4.315 4.450 
390152.704  -2416985.064  5385237.751  2408091.515  3.708 4.012 
390152.804  -2416989.596  5385237.149  2408096.730  2.275 3.411 
390152.904  -2416991.063  5385240.609  2408096.386  2.992 3.474 
390153.004  -2416987.524  5385238.013  2408092.614  3.901 4.450 
390153.104  -2416983.704  5385230.257  2408091.243  7.623 4.450 
390153.204  -2416995.177  5385246.245  2408095.258  7.533 13.602 
390153.304  -2416990.720  5385240.205  2408095.166  6.763 4.012 
390153.404  -2416983.580  5385238.185  2408097.609  5.989 4.012 
390153.504  -2416989.088  5385241.791  2408087.290  2.639 3.896 
390153.604  -2416984.402  5385239.741  2408092.590  6.049 4.012 
390153.704  -2416982.831  5385235.888  2408089.808  5.419 11.763 
390153.804  -2416981.325  5385232.381  2408087.954  8.404 4.450 
390153.904  -2416987.498  5385238.527  2408084.365  5.419 13.897 
390154.004  -2416976.683  5385222.057  2408082.647  9.212 13.572 
390154.104  -2416974.041  5385220.443  2408086.697  7.852 4.646 
390154.204  -2416979.563  5385229.371  2408094.603  1.287 3.826 
390154.304  -2416982.577  5385232.728  2408091.496  1.647 4.042 
390154.404  -2416979.583  5385228.908  2408091.236  4.430 13.557 
390154.504  -2416980.403  5385226.604  2408093.784  3.200 3.411 
390154.604  -2416980.672  5385234.627  2408093.399  2.743 3.821 
390154.704  -2416980.212  5385235.583  2408091.578  2.782 3.821 
390154.804  -2416985.516  5385224.555  2408088.162  0.975 3.537 
390154.904  -2416984.796  5385229.571  2408089.434  1.788 3.537 
390155.004  -2416981.993  5385229.235  2408090.683  2.729 3.537 
390155.104  -2416977.662  5385226.958  2408089.691  3.457 4.645 
390155.204  -2416980.951  5385231.465  2408091.874  2.912 3.826 
390155.304  -2416983.360  5385234.284  2408089.850  2.497 3.411 
390155.404  -2416985.598  5385231.530  2408090.012  3.841 3.970 
390155.504  -2416982.709  5385229.911  2408091.808  3.100 4.571 
390155.604  -2416983.398  5385231.316  2408089.983  2.907 3.411 
390155.704  -2416979.739  5385231.968  2408092.156  2.277 3.826 
390155.804  -2416978.689  5385230.294  2408091.913  3.346 3.826 
390155.904  -2416977.770  5385227.392  2408088.514  2.954 3.537 
390156.004  -2416984.966  5385236.018  2408090.702  2.959 4.042 
390156.104  -2416979.971  5385227.363  2408093.875  4.031 3.915 
390156.204  -2416977.135  5385223.497  2408088.200  2.261 3.537 
390156.304  -2416980.772  5385225.589  2408091.139  4.870 4.013 
390156.404  -2416982.846  5385228.890  2408091.284  5.174 4.013 
390156.504  -2416986.190  5385234.338  2408091.954  3.178 3.475 
390156.604  -2416984.126  5385231.661  2408088.341  2.414 4.042 
390156.704  -2416980.367  5385228.576  2408086.875  2.017 4.042 
390156.804  -2416988.974  5385239.202  2408094.143  10.240 4.630 
390156.904  -2416974.813  5385222.884  2408093.445  6.089 4.908 
390157.004  -2416980.762  5385233.541  2408093.799  7.239 4.450 
390157.104  -2416983.805  5385231.386  2408089.791  3.399 3.915 
390157.204  -2416980.682  5385228.201  2408086.867  2.842 3.412 
390157.304  -2416979.354  5385230.436  2408095.014  2.560 3.827 
390157.404  -2416980.090  5385223.705  2408091.329  6.263 11.698 
390157.504  -2416981.704  5385220.712  2408088.206  3.325 3.412 
390157.604  -2416988.796  5385230.904  2408087.366  2.091 3.537 
390157.704  -2416986.883  5385232.884  2408087.827  2.527 3.537 
390157.804  -2416983.507  5385230.337  2408090.742  3.507 3.915 
390157.904  -2416987.091  5385235.211  2408093.398  2.306 3.537 
390158.004  -2416984.822  5385230.768  2408091.100  5.432 3.915 
390158.104  -2416981.142  5385227.075  2408088.095  4.002 3.915 
390158.204  -2416976.411  5385217.741  2408085.275  3.653 4.450 
390158.304  -2416976.343  5385223.758  2408089.248  3.484 4.014 
390158.404  -2416976.099  5385223.451  2408086.011  2.272 3.827 
390158.504  -2416981.091  5385226.409  2408085.191  5.821 3.973 
390158.604  -2416976.350  5385216.780  2408089.153  4.185 4.941 
390158.704  -2416986.670  5385230.128  2408088.462  8.762 3.973 
390158.804  -2416988.212  5385232.173  2408088.925  6.105 3.916 
390158.904  -2416988.863  5385234.605  2408091.138  5.830 3.916 
390159.004  -2416990.613  5385232.629  2408089.398  5.695 3.916 
390159.104  -2416989.008  5385234.964  2408090.617  5.573 3.916 
390159.204  -2416986.400  5385230.062  2408090.638  7.437 4.627 
390159.304  -2416985.273  5385234.935  2408096.286  5.640 3.916 
390159.404  -2416988.700  5385236.908  2408093.481  5.478 3.916 
390159.504  -2416985.892  5385237.960  2408092.676  4.743 3.916 
390159.604  -2416984.004  5385236.898  2408090.086  1.609 3.537 
390159.704  -2416984.449  5385239.275  2408089.744  3.925 4.626 
390159.804  -2416985.904  5385233.985  2408090.476  5.529 4.015 
390159.904  -2416982.837  5385232.513  2408091.128  4.331 4.015 
390160.004  -2416981.897  5385232.942  2408091.239  2.787 4.041 
390160.104  -2416972.871  5385212.205  2408089.708  4.855 13.666 
390160.204  -2416975.765  5385215.439  2408085.167  6.162 4.450 
390160.304  -2416979.327  5385226.902  2408086.662  4.096 4.015 
390160.404  -2416979.236  5385230.815  2408093.033  4.957 4.450 
390160.504  -2416983.368  5385235.883  2408090.116  4.893 3.916 
390160.604  -2416985.321  5385236.696  2408089.814  3.871 3.916 
390160.704  -2416983.787  5385233.770  2408086.309  1.556 3.476 
390160.804  -2416979.583  5385232.142  2408092.553  6.960 4.015 
390160.904  -2416979.133  5385228.781  2408088.360  2.989 3.476 
390161.004  -2416982.026  5385231.017  2408089.242  4.118 4.015 
390161.104  -2416979.582  5385228.876  2408090.090  3.590 13.310 
390161.204  -2416977.816  5385226.174  2408088.898  4.983 13.307 
390161.304  -2416979.559  5385227.336  2408088.499  6.546 13.303 
390161.404  -2416987.421  5385238.746  2408091.009  3.024 4.040 
390161.504  -2416983.845  5385233.134  2408091.175  3.591 3.412 
390161.604  -2416982.583  5385226.598  2408087.567  3.583 13.292 
390161.704  -2416982.863  5385229.222  2408086.621  4.576 4.015 
390161.804  -2416985.351  5385230.575  2408090.058  3.042 3.412 
390161.904  -2416982.512  5385227.657  2408086.967  2.464 3.829 
390162.004  -2416978.149  5385223.185  2408091.312  7.956 3.917 
390162.104  -2416983.945  5385229.452  2408094.081  4.043 13.274 
390162.204  -2416979.856  5385231.100  2408088.851  4.276 5.997 
390162.304  -2416978.266  5385221.372  2408086.337  4.163 4.934 
390162.404  -2416970.867  5385212.729  2408089.214  7.181 4.450 
390162.504  -2416976.007  5385220.060  2408092.444  5.600 4.901 
390162.604  -2416979.954  5385229.467  2408088.916  2.016 4.562 
390162.704  -2416980.729  5385230.555  2408086.148  1.783 4.562 
390162.804  -2416979.120  5385228.362  2408086.346  3.030 3.476 
390162.904  -2416985.336  5385230.098  2408090.451  3.021 3.537 
390163.004  -2416987.835  5385236.625  2408092.175  2.955 3.537 
390163.104  -2416990.141  5385239.544  2408095.424  9.185 3.917 
390163.204  -2416992.179  5385244.529  2408094.956  7.605 13.235 
390163.304  -2416978.942  5385231.296  2408091.993  4.245 4.450 
390163.404  -2416981.311  5385233.038  2408096.164  3.738 4.450 
390163.504  -2416981.491  5385229.363  2408094.446  3.649 4.932 
390163.604  -2416978.112  5385222.456  2408091.544  4.197 4.450 
390163.704  -2416980.587  5385226.163  2408089.503  2.332 3.476 
390163.804  -2416981.252  5385228.497  2408089.218  3.105 3.413 
390163.904  -2416979.223  5385219.908  2408086.508  5.142 11.583 
390164.004  -2416984.017  5385219.845  2408084.232  3.197 3.829 
390164.104  -2416979.357  5385220.186  2408085.028  4.643 4.450 
390164.204  -2416984.016  5385222.742  2408086.271  3.037 3.829 
390164.304  -2416982.034  5385226.645  2408086.704  5.939 3.918 
390164.404  -2416977.333  5385222.290  2408085.259  6.167 4.635 
390164.504  -2416978.723  5385227.660  2408084.484  6.482 3.908 
390164.604  -2416979.671  5385231.615  2408084.686  6.975 3.908 
390164.704  -2416977.561  5385224.465  2408083.834  7.222 4.017 
390164.804  -2416980.480  5385227.836  2408086.999  3.196 3.477 
390164.904  -2416979.016  5385227.354  2408084.656  3.118 3.477 
390165.004  -2416978.598  5385226.815  2408085.130  2.556 3.413 
390165.104  -2416976.889  5385228.202  2408086.641  2.060 3.822 
390165.204  -2416982.101  5385238.343  2408086.148  3.195 3.822 
390165.304  -2416981.399  5385230.442  2408084.364  3.759 11.558 
390165.404  -2416982.164  5385232.664  2408090.163  1.612 4.559 
390165.504  -2416985.034  5385231.889  2408088.297  3.411 4.446 
390165.604  -2416983.146  5385235.616  2408094.873  10.886 4.450 
390165.704  -2416987.714  5385231.869  2408085.942  2.349 3.906 
390165.804  -2416983.202  5385222.048  2408091.023  2.788 4.039 
390165.904  -2416988.093  5385231.075  2408089.354  1.550 3.537 
390166.004  -2416985.953  5385221.550  2408087.519  3.581 3.919 
390166.104  -2416988.303  5385231.824  2408091.597  5.686 3.919 
390166.204  -2416984.694  5385229.022  2408086.608  7.769 3.919 
390166.304  -2416983.114  5385233.179  2408088.790  6.702 3.919 
390166.404  -2416986.170  5385232.792  2408091.010  4.013 3.919 
390166.504  -2416978.997  5385226.029  2408090.829  4.097 3.979 
390166.604  -2416979.531  5385232.458  2408097.081  7.037 3.919 
390166.704  -2416980.183  5385233.203  2408095.634  7.597 3.919 
390166.804  -2416979.966  5385228.958  2408091.478  3.525 13.109 
390166.904  -2416974.980  5385227.851  2408088.094  3.631 4.018 
390167.004  -2416973.616  5385224.277  2408083.493  3.396 13.420 
390167.104  -2416978.322  5385230.618  2408082.242  3.577 3.908 
390167.204  -2416975.849  5385225.171  2408083.095  6.814 4.018 
390167.304  -2416978.688  5385227.249  2408086.895  3.143 3.477 
390167.404  -2416980.112  5385229.850  2408087.135  3.875 4.632 
390167.504  -2416978.285  5385231.465  2408088.881  4.262 4.018 
390167.604  -2416979.430  5385220.132  2408088.691  1.994 3.831 
390167.704  -2416981.703  5385228.958  2408090.059  3.555 3.413 
390167.804  -2416978.806  5385227.884  2408086.531  3.192 3.477 
390167.904  -2416979.902  5385234.362  2408086.189  6.406 4.018 
390168.004  -2416983.359  5385238.445  2408089.982  2.044 3.413 
390168.104  -2416980.161  5385236.030  2408091.658  2.999 3.413 
390168.204  -2416978.255  5385234.193  2408091.697  2.938 3.477 
390168.304  -2416981.684  5385236.852  2408089.653  4.940 4.018 
390168.404  -2416985.790  5385244.439  2408095.450  3.009 3.537 
390168.504  -2416980.803  5385236.304  2408091.669  2.921 3.477 
390168.604  -2416979.787  5385235.500  2408090.061  3.980 4.631 
390168.704  -2416977.637  5385234.709  2408090.200  4.023 4.018 
390168.804  -2416989.811  5385244.754  2408094.498  2.935 3.537 
390168.904  -2416987.323  5385242.591  2408092.181  4.050 3.920 
390169.004  -2416983.830  5385231.168  2408087.650  3.780 3.920 
390169.104  -2416985.887  5385234.475  2408087.202  3.480 4.449 
390169.204  -2416986.223  5385235.631  2408089.024  3.722 11.488 
390169.304  -2416982.314  5385223.782  2408088.642  1.829 3.477 
390169.404  -2416977.470  5385224.583  2408091.183  7.377 4.019 
390169.504  -2416981.933  5385223.252  2408083.957  6.008 6.348 
390169.604  -2416982.454  5385229.483  2408092.012  6.521 3.920 
390169.704  -2416982.017  5385224.757  2408091.939  6.783 11.479 
390169.804  -2416987.135  5385236.020  2408084.230  4.309 6.349 
390169.904  -2416987.540  5385238.931  2408089.842  2.650 3.414 
390170.004  -2416985.903  5385237.838  2408088.324  3.330 3.478 
390170.104  -2416984.034  5385236.625  2408085.187  4.195 4.921 
390170.204  -2416987.481  5385235.020  2408089.740  3.645 3.917 
390170.304  -2416986.856  5385241.682  2408091.319  2.936 3.537 
390170.404  -2416979.419  5385236.680  2408087.423  4.287 4.019 
390170.504  -2416984.379  5385239.618  2408085.305  5.751 3.920 
390170.604  -2416990.062  5385248.039  2408093.062  5.412 12.980 
390170.704  -2416981.143  5385242.935  2408091.485  3.594 3.917 
390170.804  -2416978.529  5385238.295  2408090.917  5.199 3.908 
390170.904  -2416977.455  5385228.621  2408087.748  5.226 4.628 
390171.004  -2416975.861  5385225.017  2408087.775  5.540 4.628 
390171.104  -2416977.488  5385227.662  2408089.195  5.745 4.628 
390171.204  -2416980.824  5385231.602  2408088.140  4.381 4.628 
390171.304  -2416979.177  5385227.835  2408085.672  3.960 4.628 
390171.404  -2416978.504  5385223.091  2408087.902  1.717 3.478 
390171.504  -2416988.480  5385232.831  2408092.451  4.351 3.921 
390171.604  -2416984.800  5385230.548  2408089.704  3.832 4.449 
390171.704  -2416976.832  5385222.864  2408089.420  1.998 4.037 
390171.804  -2416977.864  5385226.262  2408091.682  3.223 4.037 
390171.904  -2416975.636  5385225.559  2408094.105  4.217 13.253 
390172.004  -2416988.517  5385237.441  2408093.035  5.173 3.921 
390172.104  -2416976.387  5385224.873  2408093.030  5.826 4.449 
390172.204  -2416977.139  5385222.131  2408093.723  5.418 4.449 
390172.304  -2416982.970  5385233.961  2408094.703  6.345 4.449 
390172.404  -2416984.533  5385237.463  2408096.282  4.912 4.449 
390172.504  -2416981.604  5385233.831  2408093.963  1.944 3.832 
390172.604  -2416982.355  5385228.905  2408094.732  1.583 4.550 
390172.704  -2416982.256  5385224.213  2408090.015  3.739 4.611 
390172.804  -2416987.103  5385232.174  2408085.414  2.949 4.037 
390172.904  -2416977.221  5385224.252  2408086.615  4.074 4.020 
390173.004  -2416981.864  5385233.222  2408089.211  2.075 3.478 
390173.104  -2416985.416  5385236.213  2408087.171  4.226 4.020 
390173.204  -2416984.423  5385236.399  2408088.087  1.780 3.833 
390173.304  -2416987.289  5385241.656  2408088.309  5.376 4.449 
390173.404  -2416982.384  5385231.437  2408083.066  2.856 3.667 
390173.504  -2416982.023  5385231.696  2408082.482  4.929 4.020 
390173.604  -2416982.463  5385240.882  2408090.751  6.809 3.908 
390173.704  -2416982.162  5385229.765  2408094.277  3.274 3.478 
390173.804  -2416985.581  5385235.782  2408095.823  2.913 3.414 
390173.904  -2416980.922  5385232.388  2408094.525  2.968 3.478 
390174.004  -2416978.475  5385222.259  2408087.577  3.019 3.478 
390174.104  -2416979.042  5385223.584  2408085.611  4.978 12.864 
390174.204  -2416976.137  5385221.985  2408082.828  4.633 13.177 
390174.304  -2416978.280  5385221.366  2408093.349  3.563 4.625 
390174.404  -2416981.739  5385222.553  2408092.929  1.565 4.548 
390174.504  -2416984.006  5385229.197  2408092.549  3.597 11.393 
390174.604  -2416987.021  5385232.674  2408086.238  4.793 6.035 
390174.704  -2416991.065  5385242.047  2408090.417  5.999 3.917 
390174.804  -2416980.017  5385229.173  2408090.281  6.724 5.712 
390174.904  -2416984.787  5385237.725  2408091.052  2.149 3.913 
390175.004  -2416979.002  5385230.958  2408090.206  2.841 3.479 
390175.104  -2416979.856  5385230.125  2408092.048  2.300 3.479 
390175.204  -2416984.522  5385232.383  2408091.516  2.573 3.479 
390175.304  -2416985.813  5385234.246  2408088.647  1.310 3.833 
390175.404  -2416982.933  5385231.488  2408086.035  3.660 3.922 
390175.504  -2416985.362  5385235.773  2408090.610  3.622 4.089 
390175.604  -2416984.889  5385235.184  2408087.937  2.837 3.833 
390175.704  -2416984.302  5385233.752  2408087.728  5.307 4.623 
390175.804  -2416989.600  5385225.329  2408091.528  4.671 6.039 
390175.904  -2416984.711  5385223.678  2408088.290  4.042 4.623 
390176.004  -2416986.040  5385227.761  2408086.826  1.957 3.479 
390176.104  -2416983.732  5385227.785  2408086.317  3.612 4.911 
390176.204  -2416984.798  5385228.337  2408091.378  3.135 4.036 
390176.304  -2416988.663  5385234.705  2408088.197  5.116 4.449 
390176.404  -2416986.853  5385233.640  2408089.734  2.490 3.479 
390176.504  -2416984.554  5385232.505  2408089.884  2.909 3.479 
390176.604  -2416982.221  5385230.397  2408089.544  3.276 3.415 
390176.704  -2416983.638  5385227.922  2408093.701  3.021 4.545 
390176.804  -2416985.120  5385232.354  2408091.622  2.174 4.035 
390176.904  -2416979.800  5385226.632  2408092.565  6.331 4.449 
390177.004  -2416983.079  5385230.903  2408093.324  4.094 4.449 
390177.104  -2416974.368  5385216.759  2408087.273  6.146 12.766 
390177.204  -2416977.822  5385224.072  2408084.629  3.792 12.763 
390177.304  -2416977.085  5385227.157  2408085.605  6.349 4.022 
390177.404  -2416976.524  5385229.034  2408086.404  9.135 4.022 
390177.504  -2416978.772  5385231.974  2408089.653  2.377 3.479 
390177.604  -2416978.732  5385232.751  2408086.968  4.729 12.750 
390177.704  -2416984.373  5385230.583  2408092.393  3.198 3.537 
390177.804  -2416985.983  5385235.413  2408093.883  4.212 3.918 
390177.904  -2416987.252  5385233.477  2408091.811  7.073 3.918 
390178.004  -2416982.408  5385227.569  2408087.390  7.814 4.022 
390178.104  -2416985.215  5385234.838  2408086.063  8.953 3.923 
390178.204  -2416976.374  5385227.080  2408094.497  3.674 4.883 
390178.304  -2416976.713  5385229.687  2408094.387  3.441 4.907 
390178.404  -2416979.609  5385231.703  2408091.397  3.031 3.479 
390178.504  -2416980.558  5385231.564  2408088.422  2.931 3.835 
390178.604  -2416977.755  5385230.325  2408093.654  4.231 4.091 
390178.704  -2416978.587  5385230.368  2408093.623  2.703 3.415 
390178.804  -2416980.902  5385233.818  2408092.388  2.499 3.537 
390178.904  -2416977.832  5385227.233  2408086.711  2.407 3.479 
390179.004  -2416975.728  5385222.694  2408086.667  5.215 4.023 
390179.104  -2416975.447  5385220.301  2408083.242  8.047 4.023 
390179.204  -2416976.535  5385227.641  2408091.984  3.748 11.309 
390179.304  -2416984.838  5385236.892  2408092.145  3.904 4.449 
390179.404  -2416988.630  5385241.139  2408092.029  6.027 4.449 
390179.504  -2416985.228  5385233.918  2408090.096  3.892 4.023 
390179.604  -2416981.038  5385223.594  2408088.610  2.916 3.480 
390179.704  -2416980.440  5385227.295  2408096.615  5.828 3.924 
390179.804  -2416978.188  5385224.175  2408095.305  6.235 11.298 
390179.904  -2416981.361  5385224.278  2408092.838  6.663 3.924 
390180.004  -2416979.838  5385226.769  2408094.861  6.877 3.924 
390180.104  -2416977.798  5385217.980  2408094.759  2.984 4.034 
390180.204  -2416981.918  5385218.468  2408089.575  1.707 3.835 
390180.304  -2416983.823  5385223.893  2408087.387  2.390 4.034 
390180.404  -2416981.964  5385224.843  2408084.759  3.792 4.023 
390180.504  -2416979.563  5385217.123  2408081.028  7.689 4.449 
390180.604  -2416977.772  5385221.765  2408086.780  3.488 3.415 
390180.704  -2416973.281  5385221.382  2408086.989  3.828 4.023 
390180.804  -2416980.338  5385230.654  2408086.629  4.496 4.449 
390180.904  -2416978.152  5385228.962  2408086.664  3.841 4.449 
390181.004  -2416975.255  5385225.103  2408086.041  3.468 4.023 
390181.104  -2416973.780  5385226.393  2408091.106  3.728 3.909 
390181.204  -2416973.402  5385224.551  2408087.417  4.712 4.024 
390181.304  -2416979.241  5385223.496  2408088.458  4.631 4.024 
390181.404  -2416981.068  5385225.691  2408087.587  5.539 4.024 
390181.504  -2416981.071  5385227.809  2408087.815  3.315 3.836 
390181.604  -2416985.995  5385234.304  2408087.322  3.340 3.918 
390181.704  -2416981.813  5385222.004  2408086.753  3.360 3.416 
390181.804  -2416980.713  5385224.154  2408084.649  2.487 3.537 
390181.904  -2416978.918  5385222.749  2408082.632  1.814 3.537 
390182.004  -2416974.864  5385221.430  2408085.222  2.498 3.537 
390182.104  -2416979.147  5385228.226  2408086.983  3.334 3.537 
390182.204  -2416980.424  5385229.279  2408087.043  4.782 4.449 
390182.304  -2416979.293  5385238.606  2408090.613  2.291 3.823 
390182.404  -2416977.791  5385227.698  2408093.956  5.017 4.900 
390182.504  -2416979.565  5385236.570  2408094.744  3.670 6.061 
390182.604  -2416983.217  5385229.347  2408090.429  5.259 6.061 
390182.704  -2416982.698  5385239.158  2408089.854  2.245 3.823 
390182.804  -2416984.746  5385228.118  2408087.103  5.609 11.245 
390182.904  -2416985.762  5385230.616  2408087.492  3.102 3.836 
390183.004  -2416982.734  5385229.943  2408091.867  3.802 4.598 
390183.104  -2416984.473  5385232.994  2408090.545  4.901 4.899 
390183.204  -2416985.120  5385234.430  2408095.553  3.466 6.374 
390183.304  -2416985.565  5385235.216  2408092.869  2.979 3.416 
390183.404  -2416983.146  5385232.430  2408091.421  6.254 4.615 
390183.504  -2416981.840  5385225.561  2408094.657  3.375 6.064 
390183.604  -2416982.403  5385230.073  2408091.409  3.123 3.836 
390183.704  -2416980.280  5385227.355  2408090.121  2.364 3.480 
390183.804  -2416982.232  5385230.478  2408094.700  3.730 3.926 
390183.904  -2416979.053  5385224.914  2408089.890  1.788 3.416 
390184.004  -2416977.614  5385210.928  2408084.449  3.635 3.416 
390184.104  -2416975.516  5385213.201  2408083.688  3.947 4.025 
390184.204  -2416971.887  5385210.507  2408080.883  2.647 3.669 
390184.304  -2416974.204  5385218.714  2408087.321  5.144 3.909 
390184.404  -2416977.786  5385229.282  2408088.342  6.112 3.909 
390184.504  -2416974.034  5385227.705  2408085.643  5.308 3.918 
390184.604  -2416978.374  5385235.785  2408086.713  0.800 3.823 
390184.704  -2416980.683  5385229.968  2408085.132  4.652 3.993 
390184.804  -2416973.959  5385217.083  2408090.766  8.718 4.896 
390184.904  -2416981.315  5385228.667  2408090.474  6.852 3.918 
390185.004  -2416977.108  5385226.372  2408091.081  5.781 4.896 
390185.104  -2416981.523  5385232.719  2408090.874  4.135 4.596 
390185.204  -2416976.934  5385225.412  2408086.268  3.728 12.513 
390185.304  -2416975.145  5385222.822  2408086.602  3.750 3.909 
390185.404  -2416980.262  5385219.080  2408083.799  4.097 12.507 
390185.504  -2416984.973  5385225.054  2408087.261  4.332 3.926 
390185.604  -2416988.038  5385228.494  2408090.208  2.381 3.537 
390185.704  -2416981.214  5385225.285  2408087.621  3.152 4.534 
390185.804  -2416985.191  5385234.640  2408090.542  3.873 5.736 
390185.904  -2416984.849  5385234.660  2408089.159  3.249 3.837 
390186.004  -2416984.273  5385235.705  2408091.063  3.212 3.416 
390186.104  -2416979.132  5385233.961  2408098.299  1.174 3.837 
390186.204  -2416980.923  5385238.900  2408098.292  3.861 4.448 
390186.304  -2416980.583  5385230.815  2408096.123  4.209 11.182 
390186.404  -2416984.567  5385236.877  2408093.747  3.610 11.180 
390186.504  -2416982.148  5385234.752  2408094.602  3.870 11.178 
390186.604  -2416987.024  5385239.722  2408091.301  3.564 4.448 
390186.704  -2416978.373  5385228.144  2408086.885  5.057 12.467 
390186.804  -2416983.293  5385234.542  2408090.800  3.221 4.032 
390186.904  -2416979.561  5385226.878  2408095.823  4.620 4.594 
390187.004  -2416979.691  5385228.803  2408093.787  4.262 4.594 
390187.104  -2416975.532  5385225.731  2408093.073  3.988 11.168 
390187.204  -2416978.692  5385229.419  2408095.040  1.245 3.838 
390187.304  -2416979.499  5385229.922  2408092.966  5.246 4.026 
390187.404  -2416986.792  5385235.716  2408092.132  6.253 4.026 
390187.504  -2416983.270  5385232.176  2408086.270  4.721 4.593 
390187.604  -2416983.510  5385230.412  2408087.508  8.045 4.593 
390187.704  -2416985.328  5385230.231  2408095.597  7.488 3.909 
390187.804  -2416976.098  5385223.772  2408089.485  4.000 4.593 
390187.904  -2416981.821  5385229.105  2408092.657  5.496 4.026 
390188.004  -2416981.866  5385230.334  2408092.846  4.542 4.026 
390188.104  -2416977.822  5385230.669  2408093.432  8.805 4.026 
390188.204  -2416979.164  5385231.592  2408093.278  6.031 4.026 
390188.304  -2416982.556  5385234.339  2408088.974  4.216 11.146 
390188.404  -2416981.872  5385231.561  2408090.416  0.824 4.530 
390188.504  -2416974.018  5385224.693  2408086.344  5.480 3.919 
390188.604  -2416983.701  5385229.525  2408087.379  7.516 4.448 
390188.704  -2416984.128  5385230.848  2408087.688  5.213 3.928 
390188.804  -2416981.902  5385228.127  2408088.026  4.626 4.027 
390188.904  -2416982.140  5385230.966  2408091.618  2.584 3.481 
390189.004  -2416976.854  5385226.496  2408090.010  2.712 3.481 
390189.104  -2416982.602  5385233.573  2408091.412  6.672 4.027 
390189.204  -2416979.734  5385226.898  2408091.937  3.180 3.925 
390189.304  -2416979.135  5385226.913  2408095.146  5.515 4.430 
390189.404  -2416974.693  5385223.366  2408091.192  2.148 3.481 
390189.504  -2416978.016  5385224.859  2408088.024  2.590 3.481 
390189.604  -2416982.348  5385227.003  2408089.666  3.617 4.027 
390189.704  -2416986.550  5385225.397  2408086.630  5.754 4.027 
390189.804  -2416980.318  5385223.798  2408091.989  3.155 3.482 
390189.904  -2416979.208  5385223.378  2408092.130  3.033 3.417 
390190.004  -2416982.149  5385228.318  2408088.763  3.924 3.928 
390190.104  -2416984.088  5385229.106  2408086.017  3.124 3.417 
390190.204  -2416981.522  5385228.037  2408087.202  2.275 3.536 
390190.304  -2416989.164  5385235.791  2408088.662  3.978 4.027 
390190.404  -2416986.278  5385233.763  2408087.240  3.293 3.417 
390190.504  -2416985.216  5385226.711  2408087.464  2.827 3.824 
390190.604  -2416981.028  5385227.000  2408089.868  5.505 3.928 
390190.704  -2416980.010  5385225.687  2408086.776  4.020 12.348 
390190.804  -2416982.894  5385232.760  2408098.404  6.617 4.028 
390190.904  -2416986.456  5385236.151  2408099.166  7.006 4.028 
390191.004  -2416985.770  5385236.063  2408100.450  7.113 4.028 
390191.104  -2416982.225  5385231.352  2408095.414  3.620 6.092 
390191.204  -2416976.659  5385224.796  2408089.803  3.100 3.536 
