449358.004  -2420718.554  5384193.489  2407356.169  
449358.104  -2420719.912  5384194.906  2407357.888  
449358.204  -2420720.383  5384195.790  2407358.772  
449358.304  -2420719.589  5384200.494  2407361.816  
449358.404  -2420720.767  5384205.485  2407363.839  
449358.504  -2420719.627  5384203.743  2407363.486  
449358.604  -2420720.029  5384209.114  2407367.081  
449358.704  -2420722.265  5384204.279  2407362.744  
449358.804  -2420719.718  5384208.469  2407366.524  
449358.904  -2420720.357  5384204.083  2407363.658  
449359.004  -2420626.434  5384096.248  2407328.930  
449359.104  -2420655.678  5384139.039  2407346.034  
449359.204  -2420679.868  5384162.745  2407351.840  
449359.304  -2420697.074  5384187.396  2407359.879  
449359.404  -2420709.367  5384206.508  2407366.623  
449359.504  -2420721.033  5384219.349  2407370.651  
449359.604  -2420727.900  5384221.750  2407369.721  
449359.704  -2420733.805  5384229.994  2407373.025  
449359.804  -2420734.840  5384233.634  2407374.442  
449359.904  -2420740.380  5384228.093  2407370.835  
449360.004  -2420741.741  5384226.775  2407368.813  
449360.104  -2420745.068  5384194.280  2407348.862  
449360.204  -2420744.700  5384205.690  2407355.513  
449360.304  -2420743.291  5384222.561  2407365.847  
449360.404  -2420738.115  5384227.057  2407370.359  
449360.504  -2420680.010  5384195.943  2407370.973  
449360.604  -2420643.805  5384185.013  2407376.985  
449360.704  -2420667.600  5384202.291  2407381.206  
449360.804  -2420684.177  5384213.941  2407385.592  
449360.904  -2420693.057  5384233.139  2407397.409  
449361.004  -2420697.896  5384251.270  2407409.039  
449361.104  -2420702.489  5384248.740  2407406.291  
449361.204  -2420739.528  5384234.878  2407376.884  
449361.304  -2420730.750  5384239.268  2407384.960  
449361.404  -2420723.758  5384250.334  2407395.855  
449361.504  -2420716.918  5384260.246  2407406.640  
449361.604  -2420712.356  5384264.466  2407414.087  
449361.704  -2420708.338  5384262.045  2407416.461  
449361.804  -2420703.960  5384264.644  2407421.856  
449361.904  -2420705.250  5384254.629  2407417.143  
449362.004  -2420700.886  5384249.498  2407416.835  
449362.104  -2420697.228  5384255.646  2407422.202  
449362.204  -2420694.422  5384256.395  2407422.859  
449362.304  -2420693.802  5384253.523  2407420.049  
449362.404  -2420689.161  5384246.957  2407418.360  
449362.504  -2420687.709  5384242.355  2407414.976  
449362.604  -2420688.702  5384231.103  2407406.981  
449362.704  -2420694.262  5384232.089  2407405.324  
449362.804  -2420692.559  5384230.314  2407406.554  
449362.904  -2420698.057  5384229.661  2407403.437  
449363.004  -2420699.732  5384231.685  2407403.536  
449363.104  -2420704.142  5384238.086  2407404.795  
449363.204  -2420708.343  5384238.322  2407401.553  
449363.304  -2420711.723  5384230.316  2407393.134  
449363.404  -2420715.218  5384226.162  2407387.284  
449363.504  -2420720.131  5384226.348  2407384.256  
449363.604  -2420636.532  5384154.161  2407365.740  
449363.704  -2420661.928  5384172.425  2407368.979  
449363.804  -2420682.916  5384194.150  2407375.810  
449363.904  -2420700.593  5384206.257  2407377.542  
449364.004  -2420711.488  5384222.986  2407384.373  
449364.104  -2420719.021  5384235.303  2407390.259  
449364.204  -2420679.781  5384204.980  2407384.206  
449364.304  -2420697.782  5384220.336  2407388.360  
449364.404  -2420709.667  5384237.456  2407394.644  
449364.504  -2420718.849  5384240.813  2407393.679  
449364.604  -2420720.770  5384243.297  2407394.952  
449364.704  -2420722.220  5384244.476  2407394.134  
449364.804  -2420728.310  5384246.008  2407391.293  
449364.904  -2420731.728  5384245.820  2407389.253  
449365.004  -2420729.846  5384246.874  2407391.390  
449365.104  -2420725.491  5384249.396  2407395.599  
449365.204  -2420713.501  5384239.875  2407397.723  
449365.304  -2420710.708  5384235.135  2407395.932  
449365.404  -2420705.028  5384226.105  2407394.370  
449365.504  -2420695.221  5384216.690  2407393.871  
449365.604  -2420689.038  5384210.517  2407393.273  
449365.704  -2420687.598  5384210.329  2407394.745  
449365.804  -2420684.640  5384210.657  2407396.306  
449365.904  -2420681.187  5384219.940  2407405.420  
449366.004  -2420677.444  5384219.741  2407408.529  
449366.104  -2420674.596  5384220.966  2407413.066  
449366.204  -2420653.219  5384165.500  2407377.090  
449366.304  -2420610.745  5384149.038  2407384.436  
449366.404  -2420631.066  5384168.352  2407392.231  
449366.504  -2420607.113  5384147.149  2407389.247  
449366.604  -2420636.297  5384171.576  2407395.253  
449366.704  -2420662.025  5384185.739  2407396.344  
449366.804  -2420672.804  5384200.264  2407403.205  
449366.904  -2420686.161  5384205.421  2407400.477  
449367.004  -2420692.856  5384203.845  2407396.102  
449367.104  -2420642.344  5384161.049  2407385.945  
449367.204  -2420653.840  5384168.653  2407387.389  
449367.304  -2420669.111  5384174.441  2407384.286  
449367.404  -2420639.168  5384128.829  2407364.326  
449367.504  -2420664.673  5384137.529  2407358.641  
449367.604  -2420682.489  5384142.549  2407355.065  
449367.704  -2420696.618  5384151.226  2407357.068  
449367.804  -2420708.698  5384157.767  2407356.879  
449367.904  -2420710.728  5384168.058  2407363.148  
449368.004  -2420716.460  5384177.385  2407366.284  
449368.104  -2420719.044  5384176.671  2407363.921  
449368.204  -2420719.172  5384177.117  2407364.564  
449368.304  -2420717.640  5384175.347  2407365.861  
449368.404  -2420710.874  5384174.316  2407368.882  
449368.504  -2420703.021  5384176.907  2407376.042  
449368.604  -2420691.975  5384178.352  2407383.242  
449368.704  -2420692.993  5384174.067  2407379.899  
449368.804  -2420644.448  5384138.574  2407372.681  
449368.904  -2420661.180  5384148.544  2407370.069  
449369.004  -2420675.041  5384152.732  2407365.068  
449369.104  -2420683.309  5384119.318  2407342.124  
449369.204  -2420683.698  5384132.218  2407348.366  
449369.304  -2420685.980  5384143.949  2407354.914  
449369.404  -2420683.724  5384151.139  2407360.895  
449369.504  -2420690.478  5384152.813  2407359.408  
449369.604  -2420696.564  5384156.434  2407357.846  
449369.704  -2420701.547  5384161.050  2407358.671  
449369.804  -2420707.366  5384158.907  2407353.679  
449369.904  -2420613.429  5384088.369  2407340.171  
449370.004  -2420639.757  5384114.919  2407349.736  
449370.104  -2420663.539  5384137.655  2407356.154  
449370.204  -2420680.245  5384151.372  2407359.008  
449370.304  -2420689.527  5384160.230  2407363.763  
449370.404  -2420648.132  5384135.834  2407360.896  
449370.504  -2420669.281  5384145.489  2407359.382  
449370.604  -2420683.813  5384152.832  2407356.964  
449370.704  -2420698.869  5384120.031  2407333.793  
449370.804  -2420705.258  5384130.842  2407337.404  
449370.904  -2420714.570  5384137.978  2407337.886  
449371.004  -2420717.463  5384144.991  2407342.618  
449371.104  -2420718.155  5384146.388  2407341.759  
449371.204  -2420712.898  5384140.537  2407339.007  
449371.304  -2420707.827  5384141.585  2407341.359  
449371.404  -2420702.613  5384140.652  2407342.115  
449371.504  -2420705.509  5384129.619  2407334.652  
449371.604  -2420703.377  5384127.873  2407334.674  
449371.704  -2420696.586  5384125.266  2407335.928  
449371.804  -2420695.264  5384092.436  2407317.566  
449371.904  -2420683.703  5384097.393  2407324.041  
449372.004  -2420675.419  5384104.809  2407332.580  
449372.104  -2420676.193  5384106.318  2407331.592  
449372.204  -2420675.624  5384102.611  2407327.548  
449372.304  -2420657.723  5384092.913  2407311.779  
449372.404  -2420658.971  5384100.031  2407317.626  
449372.504  -2420656.576  5384108.790  2407326.550  
449372.604  -2420619.666  5384081.121  2407321.817  
449372.704  -2420590.126  5384018.270  2407295.886  
449372.804  -2420619.374  5384042.604  2407299.217  
449372.904  -2420635.949  5384066.381  2407308.314  
449373.004  -2420653.532  5384079.288  2407309.258  
449373.104  -2420666.707  5384090.762  2407311.527  
449373.204  -2420681.848  5384099.525  2407310.127  
449373.304  -2420648.683  5384070.339  2407299.763  
449373.404  -2420670.633  5384081.901  2407297.892  
449373.504  -2420681.843  5384091.765  2407299.633  
449373.604  -2420638.948  5384068.309  2407299.033  
449373.704  -2420660.592  5384081.819  2407300.453  
449373.804  -2420673.470  5384091.501  2407301.606  
449373.904  -2420685.471  5384093.614  2407299.187  
449374.004  -2420698.299  5384093.163  2407292.910  
449374.104  -2420706.793  5384096.132  2407291.764  
449374.204  -2420708.244  5384094.947  2407290.676  
449374.304  -2420706.702  5384094.482  2407290.570  
449374.404  -2420708.788  5384091.938  2407286.833  
449374.504  -2420709.991  5384090.653  2407284.254  
449374.604  -2420700.760  5384092.687  2407289.649  
449374.704  -2420695.777  5384090.488  2407289.715  
449374.804  -2420689.521  5384048.762  2407269.619  
449374.904  -2420685.025  5384057.765  2407276.756  
449375.004  -2420680.810  5384064.616  2407282.577  
449375.104  -2420629.890  5384036.724  2407280.523  
449375.204  -2420643.028  5384047.769  2407281.098  
449375.304  -2420645.838  5384059.398  2407289.214  
449375.404  -2420649.970  5384066.613  2407290.459  
449375.504  -2420659.331  5384038.409  2407271.601  
449375.604  -2420617.175  5384013.127  2407268.678  
449375.704  -2420636.144  5384036.561  2407278.456  
449375.804  -2420649.759  5384055.184  2407285.970  
449375.904  -2420659.121  5384062.823  2407285.486  
449376.004  -2420667.156  5384070.751  2407286.005  
449376.104  -2420668.334  5384074.455  2407289.299  
449376.204  -2420674.843  5384080.357  2407291.053  
449376.304  -2420678.937  5384084.300  2407293.176  
449376.404  -2420686.490  5384087.638  2407291.357  
449376.504  -2420695.223  5384083.576  2407283.954  
449376.604  -2420704.380  5384043.594  2407257.139  
449376.704  -2420707.491  5384049.955  2407259.048  
449376.804  -2420710.629  5384013.734  2407237.082  
449376.904  -2420708.499  5384023.055  2407243.427  
449377.004  -2420707.175  5384030.968  2407250.016  
449377.104  -2420741.075  5383955.115  2407189.116  
449377.204  -2420723.319  5383981.221  2407214.654  
449377.304  -2420712.949  5384005.955  2407232.124  
449377.404  -2420651.340  5383984.667  2407237.475  
449377.504  -2420654.888  5383999.815  2407245.456  
449377.604  -2420664.415  5384021.297  2407255.110  
449377.704  -2420667.637  5384030.961  2407260.360  
449377.804  -2420622.593  5384000.812  2407257.304  
449377.904  -2420639.734  5384017.510  2407262.410  
449378.004  -2420658.359  5384031.390  2407264.771  
449378.104  -2420712.817  5384028.055  2407232.519  
449378.204  -2420653.047  5384008.436  2407244.030  
449378.304  -2420668.650  5384033.889  2407256.753  
449378.404  -2420679.936  5384051.252  2407265.385  
449378.504  -2420685.865  5384069.386  2407277.793  
449378.604  -2420643.489  5384039.716  2407275.043  
449378.704  -2420664.171  5384058.234  2407282.650  
449378.804  -2420678.672  5384071.426  2407288.093  
449378.904  -2420688.996  5384080.392  2407292.488  
449379.004  -2420696.319  5384084.137  2407293.611  
449379.104  -2420706.809  5384083.787  2407290.677  
449379.204  -2420717.688  5384047.809  2407266.209  
449379.304  -2420716.227  5384055.497  2407272.327  
449379.404  -2420716.689  5384064.145  2407279.073  
449379.504  -2420716.161  5384068.374  2407282.714  
449379.604  -2420712.858  5384068.074  2407283.947  
449379.704  -2420714.086  5384068.712  2407284.007  
449379.804  -2420715.799  5384067.640  2407282.353  
449379.904  -2420714.618  5384061.022  2407278.823  
449380.004  -2420712.128  5384061.319  2407279.250  
449380.104  -2420706.959  5384064.982  2407284.058  
449380.204  -2420656.026  5384027.564  2407278.946  
449380.304  -2420667.875  5384037.605  2407281.819  
449380.404  -2420679.559  5384043.366  2407280.566  
449380.504  -2420684.006  5384049.380  2407282.788  
449380.604  -2420686.519  5384056.377  2407285.874  
449380.704  -2420688.752  5384062.360  2407288.276  
449380.804  -2420696.512  5384063.303  2407285.050  
449380.904  -2420706.818  5384059.752  2407277.857  
449381.004  -2420711.152  5384062.802  2407277.621  
449381.104  -2420713.693  5384060.191  2407275.087  
449381.204  -2420719.128  5384058.611  2407272.896  
449381.304  -2420720.771  5384053.351  2407269.432  
449381.404  -2420718.537  5384052.384  2407270.748  
449381.504  -2420715.012  5384052.057  2407272.000  
449381.604  -2420716.978  5384052.686  2407270.891  
449381.704  -2420717.442  5384047.891  2407268.386  
449381.804  -2420715.014  5384052.123  2407272.085  
449381.904  -2420716.763  5384053.674  2407273.408  
449382.004  -2420718.268  5384052.997  2407273.065  
449382.104  -2420668.253  5384011.639  2407263.350  
449382.204  -2420682.582  5384022.911  2407266.639  
449382.304  -2420694.302  5384028.078  2407264.940  
449382.404  -2420708.591  5384031.735  2407262.069  
449382.504  -2420715.354  5384039.466  2407262.747  
449382.604  -2420721.638  5384044.593  2407262.452  
449382.704  -2420725.742  5384045.981  2407263.186  
449382.804  -2420727.966  5384049.147  2407265.066  
449382.904  -2420733.479  5384052.989  2407265.513  
449383.004  -2420735.827  5384052.003  2407265.038  
449383.104  -2420728.839  5384056.621  2407272.293  
449383.204  -2420730.903  5384053.126  2407269.523  
449383.304  -2420732.697  5384054.915  2407270.275  
449383.404  -2420739.565  5384049.990  2407264.105  
449383.504  -2420688.250  5384010.000  2407255.662  
449383.604  -2420699.721  5384025.588  2407264.033  
449383.704  -2420707.886  5384040.492  2407271.777  
449383.804  -2420717.425  5384047.637  2407274.502  
449383.904  -2420729.484  5384051.385  2407272.242  
449384.004  -2420706.164  5384062.485  2407293.983  
449384.104  -2420723.329  5384016.376  2407258.300  
449384.204  -2420734.226  5384021.592  2407254.775  
449384.304  -2420686.686  5383989.325  2407246.482  
449384.404  -2420704.636  5384003.569  2407247.296  
449384.504  -2420718.458  5384016.921  2407249.565  
449384.604  -2420730.061  5384026.422  2407249.371  
449384.704  -2420736.913  5384025.099  2407244.176  
449384.804  -2420692.982  5384000.357  2407240.445  
449384.904  -2420708.783  5383999.927  2407236.454  
449385.004  -2420718.443  5384012.631  2407242.285  
449385.104  -2420730.268  5384022.715  2407245.522  
449385.204  -2420737.551  5384030.746  2407248.364  
449385.304  -2420697.652  5384002.152  2407243.012  
449385.404  -2420713.785  5384016.315  2407247.230  
449385.504  -2420731.025  5383992.089  2407226.901  
449385.604  -2420691.682  5383975.165  2407228.263  
449385.704  -2420708.194  5384004.891  2407240.545  
449385.804  -2420721.572  5384024.108  2407247.163  
449385.904  -2420735.180  5384041.615  2407252.981  
449386.004  -2420739.634  5384050.928  2407258.182  
449386.104  -2420741.763  5384064.628  2407267.958  
449386.204  -2420742.120  5384073.347  2407274.085  
449386.304  -2420742.984  5384076.128  2407274.487  
449386.404  -2420751.074  5384076.067  2407270.156  
449386.504  -2420751.322  5384076.371  2407270.531  
449386.604  -2420748.847  5384076.820  2407272.688  
449386.704  -2420743.862  5384071.177  2407272.880  
449386.804  -2420739.899  5384064.043  2407270.055  
449386.904  -2420739.440  5384066.305  2407271.299  
449387.004  -2420739.124  5384064.034  2407268.665  
449387.104  -2420736.609  5384059.574  2407266.557  
449387.204  -2420736.505  5384054.875  2407263.466  
449387.304  -2420734.980  5384015.130  2407242.798  
449387.404  -2420679.968  5383987.959  2407243.648  
449387.504  -2420692.253  5384007.309  2407249.467  
449387.604  -2420704.546  5384021.527  2407252.050  
449387.704  -2420717.757  5384035.700  2407254.691  
449387.804  -2420714.633  5384050.108  2407267.923  
449387.904  -2420719.734  5384058.847  2407272.518  
449388.004  -2420722.962  5384059.501  2407272.196  
449388.104  -2420668.601  5384035.554  2407278.331  
449388.204  -2420636.948  5384016.800  2407276.351  
449388.304  -2420664.780  5384039.422  2407280.833  
449388.404  -2420680.538  5384056.193  2407285.559  
449388.504  -2420692.874  5384067.285  2407288.778  
449388.604  -2420708.286  5384073.638  2407285.119  
449388.704  -2420715.323  5384082.002  2407285.798  
449388.804  -2420708.324  5384075.797  2407269.416  
449388.904  -2420711.026  5384087.694  2407278.151  
449389.004  -2420718.291  5384088.504  2407278.447  
449389.104  -2420721.323  5384081.797  2407275.392  
449389.204  -2420719.101  5384080.127  2407276.720  
449389.304  -2420716.668  5384077.559  2407277.054  
449389.404  -2420724.638  5384070.240  2407269.909  
449389.504  -2420721.395  5384072.068  2407271.967  
449389.604  -2420716.480  5384062.973  2407268.720  
449389.704  -2420703.186  5384048.768  2407249.436  
449389.804  -2420715.350  5384045.038  2407245.562  
449389.904  -2420721.616  5384007.764  2407225.272  
449390.004  -2420714.541  5384021.964  2407238.723  
449390.104  -2420703.473  5384031.366  2407252.534  
449390.204  -2420699.291  5384038.813  2407260.431  
449390.304  -2420699.562  5384045.993  2407264.748  
449390.404  -2420700.263  5384057.622  2407270.921  
449390.504  -2420702.797  5384058.695  2407270.028  
449390.604  -2420708.907  5384056.401  2407262.614  
449390.704  -2420705.664  5384062.309  2407267.984  
449390.804  -2420745.807  5384049.576  2407237.369  
449390.904  -2420739.189  5384050.285  2407241.610  
449391.004  -2420730.772  5384050.793  2407245.299  
449391.104  -2420711.263  5384054.663  2407258.238  
449391.204  -2420697.462  5384060.191  2407270.106  
449391.304  -2420687.309  5384063.055  2407276.361  
449391.404  -2420682.911  5384064.455  2407280.559  
449391.504  -2420671.177  5384067.171  2407288.754  
449391.604  -2420665.741  5384066.938  2407291.395  
449391.704  -2420661.309  5384065.803  2407293.443  
449391.804  -2420661.998  5384066.452  2407292.483  
449391.904  -2420665.149  5384065.324  2407289.747  
449392.004  -2420665.647  5384064.824  2407289.776  
449392.104  -2420657.520  5384064.978  2407295.329  
449392.204  -2420652.537  5384066.168  2407299.321  
449392.304  -2420650.649  5384067.849  2407302.867  
449392.404  -2420601.326  5384023.722  2407291.175  
449392.504  -2420575.441  5383998.903  2407283.803  
449392.604  -2420607.211  5384015.939  2407282.912  
449392.704  -2420629.468  5384027.194  2407284.065  
449392.804  -2420649.942  5384038.261  2407284.840  
449392.904  -2420666.812  5384039.217  2407279.234  
449393.004  -2420671.076  5384043.660  2407282.792  
449393.104  -2420678.811  5384046.921  2407282.563  
449393.204  -2420687.626  5384053.010  2407282.052  
449393.304  -2420693.652  5384052.037  2407279.790  
449393.404  -2420698.966  5384048.149  2407273.196  
449393.504  -2420698.382  5384052.599  2407277.147  
449393.604  -2420701.226  5384049.927  2407274.311  
449393.704  -2420706.612  5384054.928  2407274.648  
449393.804  -2420709.523  5384051.153  2407271.864  
449393.904  -2420702.770  5384048.141  2407274.042  
449394.004  -2420694.066  5384047.883  2407279.841  
449394.104  -2420634.771  5384009.172  2407277.314  
449394.204  -2420643.659  5384016.658  2407281.075  
449394.304  -2420657.654  5384019.222  2407279.437  
449394.404  -2420664.701  5384026.854  2407282.954  
449394.504  -2420675.797  5384031.887  2407282.595  
449394.604  -2420685.687  5384030.788  2407278.961  
449394.704  -2420694.192  5384038.183  2407280.171  
449394.804  -2420703.339  5384044.806  2407281.108  
449394.904  -2420714.207  5384046.225  2407277.538  
449395.004  -2420720.168  5384046.046  2407275.539  
449395.104  -2420725.859  5384048.709  2407275.130  
449395.204  -2420729.099  5384052.055  2407275.573  
449395.304  -2420727.449  5384052.890  2407277.943  
449395.404  -2420725.616  5384056.753  2407280.989  
449395.504  -2420726.657  5384055.730  2407279.693  
449395.604  -2420724.269  5384061.737  2407283.914  
449395.704  -2420719.914  5384069.477  2407291.843  
449395.804  -2420718.548  5384071.035  2407293.440  
449395.904  -2420711.443  5384073.920  2407299.818  
449396.004  -2420706.989  5384077.495  2407304.063  
449396.104  -2420659.488  5384037.675  2407294.291  
449396.204  -2420668.818  5384044.206  2407297.176  
449396.304  -2420678.188  5384050.270  2407300.368  
449396.404  -2420682.250  5384053.729  2407302.148  
449396.504  -2420691.019  5384058.739  2407302.722  
449396.604  -2420693.473  5384060.644  2407303.397  
449396.704  -2420696.395  5384068.329  2407308.562  
449396.804  -2420700.539  5384071.957  2407308.880  
449396.904  -2420610.782  5384008.216  2407298.152  
449397.004  -2420642.876  5384034.378  2407303.223  
449397.104  -2420665.869  5384052.654  2407307.141  
449397.204  -2420685.803  5384067.368  2407309.164  
449397.304  -2420699.106  5384084.593  2407315.450  
449397.404  -2420710.423  5384093.738  2407316.740  
449397.504  -2420715.310  5384092.406  2407315.482  
449397.604  -2420717.608  5384090.613  2407313.994  
449397.704  -2420717.032  5384091.217  2407314.819  
449397.804  -2420674.146  5384053.118  2407302.758  
449397.904  -2420683.972  5384064.003  2407306.296  
449398.004  -2420694.600  5384072.937  2407307.817  
449398.104  -2420704.939  5384083.886  2407309.952  
449398.204  -2420710.841  5384088.937  2407311.322  
449398.304  -2420712.955  5384086.518  2407309.343  
449398.404  -2420713.643  5384086.279  2407309.794  
449398.504  -2420712.832  5384088.735  2407311.575  
449398.604  -2420711.605  5384091.417  2407312.153  
449398.704  -2420714.741  5384090.343  2407309.102  
449398.804  -2420711.538  5384089.036  2407308.704  
449398.904  -2420710.389  5384082.908  2407305.043  
449399.004  -2420712.554  5384076.733  2407300.033  
449399.104  -2420710.186  5384072.044  2407296.555  
449399.204  -2420708.419  5384069.073  2407294.213  
449399.304  -2420710.414  5384068.699  2407290.241  
449399.404  -2420708.122  5384065.510  2407287.440  
449399.504  -2420707.212  5384057.956  2407282.505  
449399.604  -2420706.869  5384053.517  2407278.348  
449399.704  -2420705.793  5384051.642  2407276.561  
449399.804  -2420704.910  5384050.745  2407275.314  
449399.904  -2420702.763  5384053.605  2407276.430  
449400.004  -2420700.798  5384054.691  2407276.624  
449400.104  -2420695.802  5384054.989  2407277.135  
449400.204  -2420707.854  5384062.115  2407288.445  
449400.304  -2420702.902  5384056.653  2407281.897  
449400.404  -2420702.635  5384010.301  2407250.756  
449400.504  -2420696.462  5384016.913  2407253.022  
449400.604  -2420688.457  5384025.183  2407256.951  
449400.704  -2420688.371  5383986.892  2407232.326  
449400.804  -2420683.591  5383998.307  2407238.403  
449400.904  -2420678.258  5384009.102  2407245.288  
449401.004  -2420677.915  5384018.805  2407247.881  
449401.104  -2420676.599  5384030.015  2407253.315  
449401.204  -2420674.543  5384038.042  2407257.733  
449401.304  -2420676.417  5384036.736  2407254.738  
449401.404  -2420673.051  5384040.974  2407259.089  
449401.504  -2420626.772  5384007.100  2407251.731  
449401.604  -2420638.851  5384016.648  2407254.033  
449401.704  -2420648.188  5384025.907  2407257.552  
449401.804  -2420698.344  5384018.372  2407225.669  
449401.904  -2420694.090  5384024.975  2407232.971  
449402.004  -2420691.511  5384030.179  2407239.704  
449402.104  -2420691.028  5384040.387  2407247.400  
449402.204  -2420692.158  5384038.285  2407247.664  
449402.304  -2420694.283  5384045.531  2407253.537  
449402.404  -2420695.910  5384044.772  2407254.302  
449402.504  -2420694.199  5384042.502  2407254.144  
449402.604  -2420692.589  5384044.071  2407256.069  
449402.704  -2420690.464  5384047.753  2407258.834  
449402.804  -2420654.585  5384022.415  2407267.489  
449402.904  -2420661.753  5384026.024  2407265.003  
449403.004  -2420666.164  5384023.771  2407260.583  
449403.104  -2420670.649  5384025.236  2407257.650  
449403.204  -2420675.739  5384025.428  2407254.985  
449403.304  -2420678.078  5384021.654  2407252.425  
449403.404  -2420678.687  5384024.751  2407255.511  
449403.504  -2420682.157  5384020.028  2407250.975  
449403.604  -2420683.331  5384021.145  2407252.213  
449403.704  -2420685.420  5384017.355  2407249.229  
449403.804  -2420633.941  5383970.396  2407237.442  
449403.904  -2420647.717  5383982.468  2407241.427  
449404.004  -2420661.380  5383985.204  2407239.026  
449404.104  -2420670.483  5383990.491  2407240.742  
449404.204  -2420638.094  5383962.582  2407233.417  
449404.304  -2420657.799  5383970.239  2407233.748  
449404.404  -2420674.662  5383984.102  2407237.451  
449404.504  -2420684.325  5383992.014  2407240.346  
449404.604  -2420695.149  5383994.875  2407239.378  
449404.704  -2420706.917  5383997.231  2407237.544  
449404.804  -2420713.041  5383998.630  2407237.076  
449404.904  -2420720.093  5383989.469  2407230.816  
449405.004  -2420725.224  5383989.399  2407229.190  
449405.104  -2420726.356  5383988.130  2407229.744  
449405.204  -2420726.462  5383993.241  2407233.993  
449405.304  -2420724.750  5383999.238  2407238.277  
449405.404  -2420722.689  5384005.788  2407243.465  
449405.504  -2420681.632  5383971.064  2407235.462  
449405.604  -2420693.295  5383983.303  2407239.324  
449405.704  -2420655.785  5383955.461  2407231.863  
449405.804  -2420676.097  5383977.124  2407238.491  
449405.904  -2420694.119  5383987.713  2407239.529  
449406.004  -2420708.388  5384002.517  2407245.327  
449406.104  -2420715.220  5384016.904  2407254.307  
449406.204  -2420720.809  5384021.145  2407256.793  
449406.304  -2420723.119  5384020.083  2407256.993  
449406.404  -2420723.401  5384025.540  2407261.952  
449406.504  -2420722.759  5384026.943  2407263.533  
449406.604  -2420722.357  5384021.017  2407260.254  
449406.704  -2420717.261  5384034.689  2407269.506  
449406.804  -2420720.675  5384027.585  2407262.357  
449406.904  -2420724.681  5383982.408  2407234.823  
449407.004  -2420724.228  5383983.982  2407234.938  
449407.104  -2420726.167  5383982.451  2407231.718  
449407.204  -2420723.115  5383983.088  2407232.887  
449407.304  -2420719.678  5383983.920  2407235.696  
449407.404  -2420713.912  5383990.706  2407241.833  
449407.504  -2420707.659  5383998.664  2407248.974  
449407.604  -2420705.990  5383995.248  2407247.335  
449407.704  -2420701.662  5383991.113  2407247.424  
449407.804  -2420700.058  5383989.488  2407247.509  
449407.904  -2420702.077  5383981.886  2407242.137  
449408.004  -2420703.405  5383978.826  2407239.202  
449408.104  -2420700.456  5384011.899  2407258.224  
449408.204  -2420649.371  5383958.226  2407241.088  
449408.304  -2420661.793  5383953.704  2407235.695  
449408.404  -2420673.854  5383960.468  2407235.493  
449408.504  -2420683.779  5383965.396  2407234.308  
449408.604  -2420692.647  5383971.365  2407234.298  
449408.704  -2420697.747  5383978.957  2407235.867  
449408.804  -2420702.003  5383983.663  2407236.785  
449408.904  -2420709.318  5383946.737  2407213.825  
449409.004  -2420707.927  5383958.694  2407221.147  
449409.104  -2420706.748  5383975.635  2407231.779  
449409.204  -2420707.208  5383977.913  2407232.576  
449409.304  -2420662.422  5383955.086  2407232.242  
449409.404  -2420675.219  5383955.034  2407227.932  
449409.504  -2420685.514  5383967.708  2407231.520  
449409.604  -2420650.258  5383905.821  2407205.699  
449409.704  -2420667.067  5383933.436  2407215.633  
449409.804  -2420681.613  5383953.767  2407222.558  
449409.904  -2420689.454  5383974.595  2407232.099  
449410.004  -2420692.645  5383979.926  2407234.742  
449410.104  -2420695.276  5383988.314  2407239.330  
449410.204  -2420697.571  5383998.093  2407244.165  
449410.304  -2420698.380  5383999.693  2407245.712  
449410.404  -2420697.272  5384000.218  2407245.736  
449410.504  -2420696.607  5383988.312  2407239.387  
449410.604  -2420695.191  5383980.310  2407235.395  
449410.704  -2420693.578  5383979.230  2407233.891  
449410.804  -2420690.679  5383977.787  2407234.220  
449410.904  -2420687.173  5383978.452  2407235.445  
449411.004  -2420685.198  5383979.052  2407235.349  
449411.104  -2420684.045  5383982.719  2407235.876  
449411.204  -2420632.233  5383943.693  2407227.426  
449411.304  -2420644.205  5383943.086  2407222.849  
449411.404  -2420654.787  5383948.902  2407221.261  
449411.504  -2420660.199  5383952.761  2407222.850  
449411.604  -2420668.559  5383954.983  2407221.827  
449411.704  -2420670.824  5383956.337  2407224.370  
449411.804  -2420671.577  5383965.045  2407231.184  
449411.904  -2420671.039  5383971.071  2407236.105  
449412.004  -2420673.811  5383972.300  2407235.394  
449412.104  -2420629.545  5383889.887  2407201.234  
449412.204  -2420647.254  5383915.174  2407210.223  
449412.304  -2420661.115  5383928.155  2407214.286  
449412.404  -2420672.220  5383939.274  2407217.577  
449412.504  -2420681.739  5383946.004  2407218.766  
449412.604  -2420688.044  5383943.293  2407215.614  
449412.704  -2420689.752  5383952.105  2407221.728  
449412.804  -2420690.255  5383966.404  2407230.075  
449412.904  -2420690.313  5383974.216  2407235.288  
449413.004  -2420692.031  5383972.573  2407232.824  
449413.104  -2420691.640  5383967.576  2407228.891  
449413.204  -2420698.438  5383919.205  2407197.931  
449413.304  -2420697.116  5383939.283  2407209.284  
449413.404  -2420697.367  5383952.983  2407217.288  
449413.504  -2420696.453  5383956.433  2407219.770  
449413.604  -2420699.606  5383926.448  2407201.531  
449413.704  -2420702.018  5383901.299  2407185.327  
449413.804  -2420698.331  5383910.762  2407192.178  
449413.904  -2420696.650  5383925.233  2407201.303  
449414.004  -2420693.973  5383944.620  2407213.573  
449414.104  -2420694.497  5383954.416  2407219.183  
449414.204  -2420690.056  5383972.591  2407232.232  
449414.304  -2420693.880  5383939.556  2407212.695  
449414.404  -2420690.311  5383962.060  2407227.787  
449414.504  -2420694.840  5383939.802  2407213.533  
449414.604  -2420692.848  5383953.079  2407222.526  
449414.704  -2420692.698  5383971.876  2407234.373  
449414.804  -2420690.227  5383992.661  2407246.167  
449414.904  -2420685.460  5384009.008  2407256.808  
449415.004  -2420638.258  5383927.595  2407222.976  
449415.104  -2420651.223  5383939.058  2407226.119  
449415.204  -2420658.557  5383950.682  2407230.851  
449415.304  -2420668.277  5383966.392  2407236.828  
449415.404  -2420683.903  5383941.119  2407217.913  
449415.504  -2420691.721  5383927.821  2407208.519  
449415.604  -2420696.812  5383944.577  2407216.618  
449415.704  -2420698.798  5383971.545  2407232.788  
449415.804  -2420699.038  5383987.673  2407242.135  
449415.904  -2420702.337  5383995.782  2407245.503  
449416.004  -2420704.543  5384002.662  2407248.744  
449416.104  -2420711.085  5383971.666  2407229.280  
449416.204  -2420710.080  5383994.089  2407242.031  
449416.304  -2420707.967  5384004.809  2407248.761  
449416.404  -2420708.249  5384010.477  2407252.692  
449416.504  -2420710.484  5384009.289  2407251.188  
449416.604  -2420712.709  5384010.612  2407250.876  
449416.704  -2420712.793  5384006.370  2407248.879  
449416.804  -2420669.168  5383986.613  2407250.555  
449416.904  -2420677.411  5384010.093  2407262.054  
449417.004  -2420634.573  5383987.142  2407260.840  
449417.104  -2420650.554  5384021.657  2407277.694  
449417.204  -2420669.637  5384034.935  2407279.956  
449417.304  -2420686.498  5384042.911  2407279.774  
449417.404  -2420700.211  5384039.333  2407273.800  
449417.504  -2420710.094  5384032.202  2407267.244  
449417.604  -2420716.819  5384036.929  2407267.901  
449417.704  -2420715.948  5384048.139  2407275.426  
449417.804  -2420716.713  5384045.924  2407273.341  
449417.904  -2420715.695  5384055.545  2407279.278  
449418.004  -2420715.275  5384065.432  2407284.117  
449418.104  -2420665.144  5384030.950  2407276.715  
449418.204  -2420676.857  5384035.516  2407275.071  
449418.304  -2420684.682  5384038.997  2407274.567  
449418.404  -2420693.548  5384002.229  2407250.519  
449418.504  -2420697.737  5384008.400  2407252.202  
449418.604  -2420702.334  5384008.031  2407249.596  
449418.704  -2420705.956  5384011.025  2407249.951  
449418.804  -2420709.647  5384016.982  2407251.687  
449418.904  -2420709.971  5384024.357  2407255.129  
449419.004  -2420709.540  5384026.962  2407257.438  
449419.104  -2420709.995  5384025.820  2407256.986  
449419.204  -2420708.943  5384017.373  2407251.941  
449419.304  -2420704.336  5384041.531  2407267.363  
449419.404  -2420702.418  5384037.523  2407266.111  
449419.504  -2420702.336  5384034.820  2407265.204  
449419.604  -2420700.273  5384041.402  2407269.162  
449419.704  -2420698.738  5384046.159  2407272.546  
449419.804  -2420697.084  5384055.496  2407279.041  
449419.904  -2420697.189  5384055.194  2407278.757  
449420.004  -2420697.153  5384058.089  2407279.365  
449420.104  -2420699.147  5384052.848  2407275.489  
449420.204  -2420699.970  5384044.296  2407270.424  
449420.304  -2420702.158  5384036.199  2407263.750  
449420.404  -2420702.336  5384040.004  2407265.427  
449420.504  -2420699.278  5384048.065  2407270.798  
449420.604  -2420704.503  5384016.730  2407250.871  
449420.704  -2420704.683  5384024.968  2407254.793  
449420.804  -2420701.618  5384029.760  2407258.605  
449420.904  -2420701.527  5384032.010  2407259.212  
449421.004  -2420698.120  5384049.050  2407270.042  
449421.104  -2420644.234  5384010.342  2407262.383  
449421.204  -2420657.309  5384029.351  2407269.638  
449421.304  -2420667.686  5384046.421  2407275.931  
449421.404  -2420675.632  5384072.634  2407289.410  
449421.504  -2420683.370  5384086.921  2407295.793  
449421.604  -2420684.628  5384110.963  2407310.203  
449421.704  -2420686.271  5384131.097  2407321.767  
449421.804  -2420690.062  5384143.640  2407327.866  
449421.904  -2420688.495  5384157.440  2407337.570  
449422.004  -2420686.436  5384182.617  2407352.974  
449422.104  -2420683.084  5384201.993  2407364.920  
449422.204  -2420679.370  5384232.638  2407383.796  
449422.304  -2420674.656  5384259.086  2407400.803  
449422.404  -2420672.411  5384280.492  2407413.516  
449422.504  -2420671.019  5384303.826  2407427.783  
449422.604  -2420670.016  5384324.314  2407439.165  
449422.704  -2420619.964  5384297.740  2407437.644  
449422.804  -2420630.676  5384318.808  2407446.823  
449422.904  -2420641.522  5384334.795  2407453.287  
449423.004  -2420648.443  5384350.090  2407460.656  
449423.104  -2420654.610  5384368.893  2407469.279  
449423.204  -2420665.971  5384344.687  2407452.751  
449423.304  -2420671.559  5384353.112  2407455.862  
449423.404  -2420670.864  5384371.447  2407467.100  
449423.504  -2420673.095  5384372.377  2407466.610  
449423.604  -2420671.753  5384376.507  2407469.744  
449423.704  -2420669.945  5384377.429  2407470.981  
449423.804  -2420665.771  5384375.752  2407472.834  
449423.904  -2420663.110  5384383.811  2407478.104  
449424.004  -2420667.663  5384327.929  2407444.889  
449424.104  -2420668.536  5384315.114  2407437.305  
449424.204  -2420670.282  5384301.563  2407429.567  
449424.304  -2420670.096  5384297.865  2407427.124  
449424.404  -2420672.417  5384293.823  2407424.116  
449424.504  -2420679.119  5384246.190  2407395.479  
449424.604  -2420683.327  5384233.525  2407386.529  
449424.704  -2420683.808  5384228.426  2407382.387  
449424.804  -2420685.406  5384225.455  2407379.536  
449424.904  -2420686.553  5384219.874  2407376.209  
449425.004  -2420687.930  5384208.629  2407368.458  
449425.104  -2420688.676  5384195.553  2407360.852  
449425.204  -2420647.697  5384154.902  2407349.562  
449425.304  -2420624.932  5384181.056  2407382.489  
449425.404  -2420643.307  5384181.673  2407375.190  
449425.504  -2420659.647  5384185.682  2407371.086  
449425.604  -2420672.715  5384185.554  2407365.803  
449425.704  -2420684.234  5384185.815  2407361.345  
449425.804  -2420637.809  5384161.253  2407358.721  
449425.904  -2420657.487  5384177.287  2407361.066  
449426.004  -2420673.321  5384187.758  2407362.624  
449426.104  -2420684.370  5384198.093  2407365.977  
449426.204  -2420690.960  5384214.312  2407373.751  
449426.304  -2420702.024  5384181.896  2407352.070  
449426.404  -2420704.681  5384184.591  2407353.476  
449426.504  -2420706.031  5384187.021  2407355.384  
449426.604  -2420707.941  5384178.003  2407349.524  
449426.704  -2420707.977  5384176.653  2407349.023  
449426.804  -2420706.262  5384188.978  2407356.413  
449426.904  -2420705.795  5384194.125  2407359.387  
449427.004  -2420649.362  5384170.856  2407362.010  
449427.104  -2420661.732  5384177.151  2407362.914  
449427.204  -2420682.666  5384104.323  2407314.729  
449427.304  -2420688.206  5384122.242  2407322.903  
449427.404  -2420693.639  5384122.455  2407321.002  
449427.504  -2420698.248  5384130.899  2407322.970  
449427.604  -2420700.733  5384145.120  2407329.176  
449427.704  -2420700.982  5384158.576  2407336.001  
449427.804  -2420707.752  5384120.604  2407311.620  
449427.904  -2420705.758  5384131.924  2407317.269  
449428.004  -2420704.427  5384126.089  2407313.963  
449428.104  -2420702.583  5384125.653  2407314.075  
449428.204  -2420698.862  5384129.034  2407317.663  
449428.304  -2420695.886  5384120.301  2407313.115  
449428.404  -2420692.333  5384120.303  2407314.681  
449428.504  -2420690.093  5384109.624  2407309.340  
449428.604  -2420689.659  5384095.290  2407300.440  
449428.704  -2420687.698  5384087.649  2407296.824  
449428.804  -2420683.987  5384086.309  2407296.968  
449428.904  -2420682.979  5384074.195  2407290.665  
449429.004  -2420667.150  5384058.833  2407273.969  
449429.104  -2420671.333  5384054.488  2407273.408  
449429.204  -2420676.027  5384043.863  2407268.721  
449429.304  -2420679.036  5384033.173  2407264.369  
449429.404  -2420680.525  5384025.189  2407260.079  
449429.504  -2420684.055  5384018.836  2407257.858  
449429.604  -2420684.936  5384030.330  2407264.813  
449429.704  -2420688.552  5384016.184  2407256.094  
449429.804  -2420694.166  5384003.054  2407248.861  
449429.904  -2420653.227  5383961.727  2407237.151  
449430.004  -2420672.803  5383926.320  2407211.842  
449430.104  -2420687.091  5383935.744  2407213.371  
449430.204  -2420696.568  5383937.676  2407212.327  
449430.304  -2420703.531  5383941.400  2407212.267  
449430.404  -2420712.985  5383905.329  2407189.277  
449430.504  -2420716.166  5383919.934  2407195.851  
449430.604  -2420716.195  5383943.582  2407208.201  
449430.704  -2420717.923  5383952.167  2407212.668  
449430.804  -2420724.034  5383923.419  2407193.545  
449430.904  -2420722.650  5383949.911  2407209.666  
449431.004  -2420720.415  5383967.424  2407221.689  
449431.104  -2420720.176  5383972.111  2407225.338  
449431.204  -2420720.236  5383982.254  2407231.666  
449431.304  -2420730.897  5383996.022  2407248.284  
449431.404  -2420723.598  5383997.012  2407247.542  
449431.504  -2420718.700  5383996.497  2407246.127  
449431.604  -2420711.968  5384020.054  2407258.978  
449431.704  -2420705.904  5384032.075  2407265.257  
449431.804  -2420655.908  5384010.489  2407264.907  
449431.904  -2420664.653  5384033.313  2407274.588  
449432.004  -2420674.551  5384050.062  2407281.173  
449432.104  -2420678.698  5384068.325  2407290.533  
449432.204  -2420639.686  5384040.043  2407284.718  
449432.304  -2420661.268  5384046.485  2407281.961  
449432.404  -2420675.532  5384042.822  2407275.971  
449432.504  -2420688.049  5384044.437  2407274.038  
449432.604  -2420700.039  5384048.104  2407273.320  
449432.704  -2420702.637  5384088.514  2407296.597  
449432.804  -2420711.231  5384063.489  2407280.802  
449432.904  -2420714.386  5384070.242  2407284.832  
449433.004  -2420718.294  5384059.957  2407278.677  
449433.104  -2420723.388  5384036.291  2407265.167  
449433.204  -2420726.202  5384021.852  2407256.196  
449433.304  -2420729.078  5383995.283  2407240.101  
449433.404  -2420728.085  5383991.876  2407238.042  
449433.504  -2420727.909  5383980.487  2407230.524  
449433.604  -2420731.850  5383938.947  2407205.262  
449433.704  -2420715.683  5383930.761  2407191.923  
449433.804  -2420719.705  5383928.018  2407191.741  
449433.904  -2420723.056  5383926.803  2407191.955  
449434.004  -2420726.786  5383923.147  2407191.678  
449434.104  -2420727.081  5383929.077  2407197.731  
449434.204  -2420728.621  5383929.901  2407199.361  
449434.304  -2420729.255  5383925.045  2407197.956  
449434.404  -2420730.626  5383908.114  2407189.341  
449434.504  -2420730.068  5383889.184  2407179.127  
449434.604  -2420732.029  5383873.259  2407169.469  
449434.704  -2420729.623  5383880.147  2407174.120  
449434.804  -2420730.009  5383876.799  2407172.573  
449434.904  -2420728.523  5383876.101  2407173.945  
449435.004  -2420727.380  5383873.019  2407172.349  
449435.104  -2420728.184  5383867.267  2407168.721  
449435.204  -2420727.102  5383865.635  2407167.728  
449435.304  -2420728.860  5383853.259  2407159.686  
449435.404  -2420731.024  5383857.312  2407160.947  
449435.504  -2420771.598  5383832.232  2407122.196  
449435.604  -2420761.042  5383832.812  2407128.645  
449435.704  -2420750.500  5383832.660  2407132.885  
449435.804  -2420692.813  5383776.997  2407118.173  
449435.904  -2420698.934  5383794.802  2407127.658  
449436.004  -2420711.335  5383765.969  2407107.546  
449436.104  -2420718.778  5383769.279  2407107.642  
449436.204  -2420723.866  5383779.778  2407113.275  
449436.304  -2420728.670  5383787.586  2407116.945  
449436.404  -2420734.986  5383779.376  2407110.875  
449436.504  -2420738.429  5383783.481  2407112.681  
449436.604  -2420741.262  5383759.662  2407098.845  
449436.704  -2420742.401  5383754.515  2407095.441  
449436.804  -2420740.595  5383776.843  2407108.189  
449436.904  -2420743.328  5383770.481  2407103.300  
449437.004  -2420744.482  5383766.727  2407100.823  
449437.104  -2420744.172  5383766.280  2407099.685  
449437.204  -2420745.284  5383760.425  2407095.999  
449437.304  -2420744.312  5383761.123  2407095.996  
449437.404  -2420747.368  5383744.847  2407084.646  
449437.504  -2420749.487  5383731.787  2407075.744  
449437.604  -2420749.478  5383733.430  2407075.716  
449437.704  -2420699.543  5383649.944  2407040.548  
449437.804  -2420712.514  5383659.964  2407041.812  
449437.904  -2420720.942  5383683.094  2407052.436  
449438.004  -2420729.474  5383699.253  2407059.935  
449438.104  -2420736.365  5383714.041  2407066.885  
449438.204  -2420746.818  5383695.552  2407053.447  
449438.304  -2420749.869  5383717.181  2407065.883  
449438.404  -2420753.159  5383730.250  2407072.765  
449438.504  -2420752.320  5383750.863  2407084.227  
449438.604  -2420753.374  5383756.330  2407087.583  
449438.704  -2420758.755  5383726.858  2407070.114  
449438.804  -2420755.833  5383735.608  2407075.687  
449438.904  -2420754.779  5383744.702  2407081.646  
449439.004  -2420750.890  5383758.367  2407091.137  
449439.104  -2420749.781  5383764.778  2407096.224  
449439.204  -2420744.736  5383785.075  2407110.353  
449439.304  -2420745.515  5383785.488  2407111.927  
449439.404  -2420745.047  5383791.839  2407115.737  
449439.504  -2420742.007  5383805.171  2407125.204  
449439.604  -2420741.438  5383819.640  2407133.712  
449439.704  -2420740.486  5383841.409  2407147.164  
449439.804  -2420735.972  5383858.921  2407158.631  
449439.904  -2420732.769  5383884.600  2407173.960  
449440.004  -2420728.925  5383915.422  2407193.280  
449440.104  -2420724.396  5383944.700  2407212.624  
449440.204  -2420718.016  5383987.607  2407239.574  
449440.304  -2420714.425  5384001.463  2407248.427  
449440.404  -2420711.176  5384010.515  2407255.784  
449440.504  -2420708.958  5384019.026  2407260.999  
449440.604  -2420706.110  5384043.515  2407276.709  
449440.704  -2420704.706  5384054.053  2407282.788  
449440.804  -2420704.995  5384070.788  2407292.976  
449440.904  -2420703.991  5384077.616  2407296.059  
449441.004  -2420691.178  5384065.342  2407280.933  
449441.104  -2420691.475  5384074.203  2407287.615  
449441.204  -2420696.823  5384068.034  2407285.254  
449441.304  -2420700.870  5384055.664  2407279.180  
449441.404  -2420701.170  5384052.786  2407279.500  
449441.504  -2420702.857  5384058.896  2407283.759  
449441.604  -2420702.150  5384063.454  2407288.541  
449441.704  -2420702.688  5384066.568  2407291.539  
449441.804  -2420705.634  5384058.702  2407287.152  
