 1 58.092 74.016   7 207.456 60.170  11 21.707 60.106  18 41.689 47.095  
 1 58.089 74.015   7 207.455 60.169  11 21.707 60.105  18 41.689 47.095  
 1 58.087 74.015   7 207.454 60.168  11 21.708 60.104  18 41.689 47.094  
 1 58.085 74.014   7 207.453 60.167  11 21.708 60.103  18 41.688 47.093  
 1 58.082 74.013   7 207.452 60.166  11 21.709 60.103  18 41.688 47.092  
 1 58.080 74.013   7 207.451 60.166  11 21.709 60.102  18 41.687 47.092  
 1 58.077 74.012   7 207.450 60.165  11 21.710 60.101  18 41.687 47.091  
 1 58.075 74.012   7 207.449 60.164  11 21.710 60.100  18 41.687 47.090  
 1 58.073 74.011   7 207.448 60.163  11 21.710 60.099  18 41.686 47.090  
 1 58.070 74.011   7 207.447 60.163  11 21.711 60.099  18 41.686 47.089  
 1 58.069 74.010   7 207.445 60.162  11 21.712 60.098  18 41.686 47.088  
 1 58.066 74.009   7 207.444 60.161  11 21.712 60.097  18 41.685 47.087  
 1 58.064 74.009   7 207.444 60.160  11 21.712 60.096  18 41.685 47.087  
 1 58.061 74.008   7 207.443 60.160  11 21.712 60.096  18 41.684 47.086  
 1 58.058 74.007   7 207.442 60.159  11 21.713 60.095  18 41.684 47.085  
 1 58.056 74.007   7 207.441 60.158  11 21.713 60.094  18 41.683 47.084  
 1 58.053 74.006   7 207.441 60.157  11 21.713 60.093  18 41.683 47.084  
 1 58.051 74.006   7 207.440 60.157  11 21.714 60.093  18 41.682 47.083  
 1 58.048 74.005   7 207.439 60.156  11 21.714 60.092  18 41.682 47.082  
 1 58.046 74.005   7 207.438 60.155  11 21.714 60.091  18 41.681 47.081  
 1 58.043 74.004   7 207.437 60.154  11 21.715 60.090  18 41.681 47.081  
 1 58.040 74.004   7 207.437 60.154  11 21.715 60.089  18 41.680 47.080  
 1 58.038 74.003   7 207.436 60.153  11 21.715 60.089  18 41.680 47.079  
 1 58.036 74.002   7 207.435 60.152  11 21.716 60.088  18 41.680 47.079  
 1 58.034 74.002   7 207.433 60.151  11 21.716 60.087  18 41.679 47.078  
 1 58.033 74.001   7 207.431 60.151  11 21.717 60.086  18 41.679 47.077  
 1 58.031 74.000   7 207.430 60.150  11 21.718 60.086  18 41.679 47.076  
 1 58.029 74.000   7 207.429 60.149  11 21.719 60.085  18 41.679 47.076  
 1 58.026 73.999   7 207.428 60.148  11 21.719 60.084  18 41.678 47.075  
 1 58.024 73.998   7 207.427 60.147  11 21.719 60.083  18 41.678 47.074  
 1 58.021 73.998   7 207.426 60.147  11 21.720 60.083  18 41.677 47.073  
 1 58.019 73.997   7 207.426 60.146  11 21.720 60.082  18 41.677 47.073  
 1 58.015 73.997   7 207.426 60.145  11 21.719 60.081  18 41.676 47.072  
 1 58.013 73.996   7 207.425 60.144  11 21.720 60.080  18 41.676 47.071  
 1 58.011 73.996   7 207.423 60.144  11 21.721 60.080  18 41.675 47.070  
 1 58.009 73.995   7 207.422 60.143  11 21.721 60.079  18 41.675 47.070  
 1 58.007 73.994   7 207.421 60.142  11 21.722 60.078  18 41.675 47.069  
 1 58.005 73.994   7 207.420 60.141  11 21.722 60.077  18 41.674 47.068  
 1 58.002 73.993   7 207.419 60.140  11 21.723 60.077  18 41.674 47.067  
 1 58.000 73.993   7 207.418 60.140  11 21.723 60.076  18 41.673 47.067  
 1 57.998 73.992   7 207.417 60.139  11 21.723 60.075  18 41.673 47.066  
 1 57.995 73.991   7 207.416 60.138  11 21.724 60.074  18 41.673 47.065  
 1 57.993 73.991   7 207.415 60.137  11 21.724 60.074  18 41.672 47.065  
 1 57.991 73.990   7 207.414 60.137  11 21.725 60.073  18 41.672 47.064  
 1 57.988 73.990   7 207.413 60.136  11 21.725 60.072  18 41.671 47.063  
 1 57.986 73.989   7 207.412 60.135  11 21.726 60.071  18 41.671 47.062  
 1 57.983 73.989   7 207.411 60.134  11 21.726 60.071  18 41.670 47.062  
 1 57.981 73.988   7 207.411 60.134  11 21.726 60.070  18 41.670 47.061  
 1 57.978 73.987   7 207.410 60.133  11 21.726 60.069  18 41.670 47.060  
 1 57.976 73.987   7 207.409 60.132  11 21.727 60.068  18 41.669 47.060  
 1 57.973 73.986   7 207.408 60.131  11 21.727 60.067  18 41.669 47.059  
 1 57.971 73.986   7 207.407 60.131  11 21.727 60.067  18 41.668 47.058  
 1 57.968 73.985   7 207.406 60.130  11 21.728 60.066  18 41.668 47.057  
 1 57.965 73.984   7 207.406 60.129  11 21.728 60.065  18 41.667 47.057  
 1 57.963 73.984   7 207.405 60.128  11 21.728 60.064  18 41.667 47.056  
 1 57.960 73.983   7 207.404 60.128  11 21.729 60.064  18 41.666 47.055  
 1 57.959 73.983   7 207.402 60.127  11 21.730 60.063  18 41.666 47.054  
 1 57.956 73.982   7 207.401 60.126  11 21.730 60.062  18 41.666 47.054  
 1 57.954 73.981   7 207.401 60.125  11 21.730 60.061  18 41.665 47.053  
 1 57.951 73.981   7 207.400 60.125  11 21.730 60.061  18 41.665 47.052  
 1 57.948 73.980   7 207.399 60.124  11 21.731 60.060  18 41.664 47.051  
 1 57.946 73.980   7 207.398 60.123  11 21.731 60.059  18 41.664 47.051  
 1 57.944 73.979   7 207.397 60.122  11 21.732 60.058  18 41.664 47.050  
 1 57.942 73.979   7 207.396 60.122  11 21.732 60.057  18 41.663 47.049  
 1 57.939 73.978   7 207.395 60.121  11 21.732 60.057  18 41.663 47.048  
 1 57.937 73.977   7 207.394 60.120  11 21.733 60.056  18 41.662 47.048  
 1 57.934 73.977   7 207.394 60.119  11 21.733 60.055  18 41.662 47.047  
 1 57.932 73.976   7 207.393 60.118  11 21.733 60.054  18 41.661 47.046  
 1 57.929 73.976   7 207.392 60.118  11 21.734 60.054  18 41.661 47.046  
 1 57.927 73.975   7 207.391 60.117  11 21.734 60.053  18 41.660 47.045  
 1 57.924 73.974   7 207.390 60.116  11 21.734 60.052  18 41.660 47.044  
 1 57.922 73.974   7 207.389 60.115  11 21.735 60.051  18 41.659 47.043  
 1 57.920 73.973   7 207.388 60.115  11 21.735 60.051  18 41.659 47.043  
 1 57.918 73.973   7 207.387 60.114  11 21.736 60.050  18 41.659 47.042  
 1 57.915 73.972   7 207.386 60.113  11 21.736 60.049  18 41.658 47.041  
 1 57.913 73.971   7 207.385 60.112  11 21.737 60.048  18 41.658 47.040  
 1 57.911 73.971   7 207.384 60.112  11 21.737 60.048  18 41.658 47.040  
 1 57.909 73.970   7 207.383 60.111  11 21.738 60.047  18 41.657 47.039  
 1 57.906 73.970   7 207.382 60.110  11 21.738 60.046  18 41.657 47.038  
 1 57.904 73.969   7 207.381 60.109  11 21.739 60.045  18 41.656 47.038  
 1 57.902 73.968   7 207.380 60.109  11 21.739 60.045  18 41.656 47.037  
 1 57.900 73.968   7 207.378 60.108  11 21.739 60.044  18 41.656 47.036  
 1 57.897 73.967   7 207.378 60.107  11 21.740 60.043  18 41.655 47.035  
 1 57.896 73.966   7 207.376 60.106  11 21.741 60.042  18 41.655 47.035  
 1 57.893 73.966   7 207.375 60.106  11 21.741 60.042  18 41.655 47.034  
 1 57.891 73.965   7 207.374 60.105  11 21.742 60.041  18 41.654 47.033  
 1 57.889 73.965   7 207.373 60.104  11 21.742 60.040  18 41.654 47.033  
 1 57.886 73.964   7 207.373 60.103  11 21.742 60.039  18 41.653 47.032  
 1 57.883 73.964   7 207.372 60.102  11 21.742 60.039  18 41.653 47.031  
 1 57.880 73.963   7 207.371 60.102  11 21.742 60.038  18 41.652 47.030  
 1 57.878 73.963   7 207.371 60.101  11 21.742 60.037  18 41.652 47.030  
 1 57.876 73.962   7 207.369 60.100  11 21.743 60.036  18 41.651 47.029  
 1 57.874 73.961   7 207.368 60.099  11 21.744 60.036  18 41.651 47.028  
 1 57.871 73.961   7 207.368 60.099  11 21.744 60.035  18 41.650 47.027  
 1 57.869 73.960   7 207.367 60.098  11 21.744 60.034  18 41.650 47.027  
 1 57.865 73.960   7 207.366 60.097  11 21.744 60.033  18 41.649 47.026  
 1 57.862 73.959   7 207.366 60.097  11 21.744 60.032  18 41.649 47.025  
 1 57.860 73.959   7 207.365 60.096  11 21.745 60.032  18 41.648 47.025  
 1 57.857 73.958   7 207.364 60.095  11 21.745 60.031  18 41.648 47.024  
 1 57.855 73.958   7 207.363 60.094  11 21.745 60.030  18 41.647 47.023  
 1 57.852 73.957   7 207.362 60.093  11 21.746 60.029  18 41.647 47.022  
 1 57.850 73.956   7 207.362 60.093  11 21.746 60.028  18 41.646 47.022  
 1 57.847 73.956   7 207.361 60.092  11 21.746 60.028  18 41.646 47.021  
 1 57.845 73.955   7 207.360 60.091  11 21.747 60.027  18 41.646 47.020  
 1 57.843 73.955   7 207.359 60.090  11 21.747 60.026  18 41.645 47.019  
 1 57.841 73.954   7 207.357 60.090  11 21.748 60.026  18 41.645 47.019  
 1 57.839 73.953   7 207.356 60.089  11 21.748 60.025  18 41.645 47.018  
 1 57.837 73.953   7 207.355 60.088  11 21.749 60.024  18 41.644 47.017  
 1 57.835 73.952   7 207.354 60.087  11 21.750 60.023  18 41.644 47.017  
 1 57.832 73.951   7 207.353 60.087  11 21.750 60.023  18 41.644 47.016  
 1 57.829 73.951   7 207.352 60.086  11 21.750 60.022  18 41.643 47.015  
 1 57.826 73.950   7 207.352 60.085  11 21.750 60.021  18 41.642 47.014  
 1 57.824 73.950   7 207.351 60.084  11 21.750 60.020  18 41.642 47.014  
 1 57.822 73.949   7 207.350 60.084  11 21.751 60.019  18 41.642 47.013  
 1 57.820 73.949   7 207.349 60.083  11 21.751 60.019  18 41.641 47.012  
 1 57.817 73.948   7 207.348 60.082  11 21.752 60.018  18 41.641 47.011  
 1 57.814 73.947   7 207.347 60.081  11 21.752 60.017  18 41.640 47.011  
 1 57.812 73.947   7 207.346 60.081  11 21.752 60.016  18 41.640 47.010  
 1 57.809 73.946   7 207.346 60.080  11 21.753 60.015  18 41.639 47.009  
 1 57.809 73.945   7 207.343 60.079  11 21.754 60.015  18 41.639 47.008  
 1 57.806 73.945   7 207.343 60.078  11 21.754 60.014  18 41.639 47.008  
 1 57.803 73.944   7 207.342 60.078  11 21.754 60.013  18 41.638 47.007  
 1 57.800 73.944   7 207.341 60.077  11 21.754 60.012  18 41.638 47.006  
 1 57.798 73.943   7 207.341 60.076  11 21.755 60.012  18 41.637 47.006  
 1 57.797 73.942   7 207.339 60.075  11 21.756 60.011  18 41.637 47.005  
 1 57.794 73.942   7 207.338 60.074  11 21.756 60.010  18 41.637 47.004  
 1 57.791 73.941   7 207.338 60.074  11 21.756 60.009  18 41.636 47.003  
 1 57.787 73.941   7 207.338 60.073  11 21.756 60.009  18 41.635 47.003  
 1 57.785 73.940   7 207.337 60.072  11 21.756 60.008  18 41.635 47.002  
 1 57.782 73.940   7 207.336 60.071  11 21.756 60.007  18 41.634 47.001  
 1 57.780 73.939   7 207.335 60.071  11 21.757 60.006  18 41.634 47.000  
 1 57.778 73.939   7 207.334 60.070  11 21.757 60.006  18 41.634 47.000  
 1 57.775 73.938   7 207.333 60.069  11 21.758 60.005  18 41.633 46.999  
 1 57.773 73.937   7 207.332 60.068  11 21.758 60.004  18 41.633 46.998  
 1 57.771 73.937   7 207.331 60.068  11 21.759 60.003  18 41.632 46.998  
 1 57.768 73.936   7 207.330 60.067  11 21.759 60.002  18 41.632 46.997  
 1 57.766 73.936   7 207.329 60.066  11 21.759 60.002  18 41.632 46.996  
 1 57.764 73.935   7 207.328 60.065  11 21.760 60.001  18 41.631 46.995  
 1 57.761 73.935   7 207.328 60.065  11 21.760 60.000  18 41.631 46.995  
 1 57.759 73.934   7 207.326 60.064  11 21.760 60.000  18 41.630 46.994  
 1 57.757 73.933   7 207.325 60.063  11 21.761 59.999  18 41.630 46.993  
 1 57.755 73.933   7 207.324 60.062  11 21.761 59.998  18 41.630 46.992  
 1 57.752 73.932   7 207.323 60.062  11 21.762 59.997  18 41.629 46.992  
 1 57.750 73.931   7 207.322 60.061  11 21.762 59.996  18 41.629 46.991  
 1 57.747 73.931   7 207.321 60.060  11 21.763 59.996  18 41.628 46.990  
 1 57.745 73.930   7 207.320 60.059  11 21.763 59.995  18 41.628 46.989  
 1 57.744 73.929   7 207.318 60.059  11 21.764 59.994  18 41.628 46.989  
 1 57.742 73.929   7 207.317 60.058  11 21.765 59.993  18 41.627 46.988  
 1 57.739 73.928   7 207.317 60.057  11 21.765 59.993  18 41.627 46.987  
 1 57.736 73.928   7 207.316 60.057  11 21.765 59.992  18 41.626 46.987  
 1 57.733 73.927   7 207.316 60.056  11 21.765 59.991  18 41.626 46.986  
 1 57.730 73.927   7 207.315 60.055  11 21.765 59.990  18 41.625 46.985  
 1 57.728 73.926   7 207.314 60.054  11 21.765 59.989  18 41.625 46.984  
 1 57.726 73.925   7 207.313 60.054  11 21.766 59.989  18 41.624 46.984  
 1 57.723 73.925   7 207.312 60.053  11 21.766 59.988  18 41.624 46.983  
 1 57.720 73.924   7 207.312 60.052  11 21.766 59.987  18 41.623 46.982  
 1 57.719 73.924   7 207.310 60.051  11 21.767 59.986  18 41.623 46.981  
 1 57.716 73.923   7 207.309 60.050  11 21.768 59.986  18 41.623 46.981  
 1 57.713 73.923   7 207.309 60.050  11 21.768 59.985  18 41.622 46.980  
 1 57.711 73.922   7 207.308 60.049  11 21.768 59.984  18 41.622 46.979  
 1 57.708 73.921   7 207.307 60.048  11 21.768 59.983  18 41.621 46.978  
 1 57.705 73.921   7 207.307 60.047  11 21.768 59.982  18 41.621 46.978  
 1 57.703 73.920   7 207.306 60.047  11 21.769 59.982  18 41.620 46.977  
 1 57.700 73.920   7 207.305 60.046  11 21.769 59.981  18 41.620 46.976  
 1 57.698 73.919   7 207.304 60.045  11 21.769 59.980  18 41.619 46.976  
 1 57.695 73.919   7 207.303 60.044  11 21.770 59.979  18 41.619 46.975  
 1 57.693 73.918   7 207.302 60.044  11 21.770 59.979  18 41.618 46.974  
 1 57.691 73.917   7 207.301 60.043  11 21.771 59.978  18 41.618 46.973  
 1 57.688 73.917   7 207.300 60.042  11 21.771 59.977  18 41.618 46.973  
 1 57.686 73.916   7 207.299 60.041  11 21.772 59.976  18 41.617 46.972  
 1 57.684 73.916   7 207.298 60.041  11 21.772 59.976  18 41.617 46.971  
 1 57.683 73.915   7 207.296 60.040  11 21.773 59.975  18 41.617 46.970  
 1 57.680 73.914   7 207.295 60.039  11 21.773 59.974  18 41.616 46.970  
 1 57.678 73.914   7 207.294 60.038  11 21.774 59.973  18 41.616 46.969  
 1 57.676 73.913   7 207.293 60.038  11 21.774 59.973  18 41.615 46.968  
 1 57.673 73.913   7 207.293 60.037  11 21.774 59.972  18 41.615 46.968  
 1 57.671 73.912   7 207.291 60.036  11 21.775 59.971  18 41.615 46.967  
 1 57.669 73.911   7 207.291 60.035  11 21.775 59.970  18 41.614 46.966  
 1 57.666 73.911   7 207.290 60.035  11 21.776 59.970  18 41.614 46.965  
 1 57.663 73.910   7 207.289 60.034  11 21.776 59.969  18 41.613 46.965  
 1 57.661 73.909   7 207.288 60.033  11 21.776 59.968  18 41.613 46.964  
 1 57.659 73.909   7 207.287 60.032  11 21.777 59.967  18 41.612 46.963  
 1 57.656 73.908   7 207.287 60.032  11 21.777 59.966  18 41.612 46.962  
 1 57.654 73.908   7 207.286 60.031  11 21.777 59.966  18 41.611 46.962  
 1 57.651 73.907   7 207.285 60.030  11 21.777 59.965  18 41.611 46.961  
 1 57.648 73.907   7 207.284 60.029  11 21.778 59.964  18 41.610 46.960  
 1 57.645 73.906   7 207.284 60.029  11 21.778 59.963  18 41.610 46.960  
 1 57.643 73.906   7 207.283 60.028  11 21.778 59.963  18 41.609 46.959  
 1 57.640 73.905   7 207.283 60.027  11 21.778 59.962  18 41.609 46.958  
 1 57.637 73.905   7 207.282 60.026  11 21.778 59.961  18 41.608 46.957  
 1 57.635 73.904   7 207.280 60.025  11 21.779 59.960  18 41.608 46.957  
 1 57.631 73.904   7 207.281 60.025  11 21.778 59.960  18 41.607 46.956  
 1 57.629 73.903   7 207.280 60.024  11 21.779 59.959  18 41.607 46.955  
 1 57.628 73.902   7 207.278 60.023  11 21.780 59.958  18 41.607 46.955  
 1 57.627 73.901   7 207.276 60.023  11 21.781 59.957  18 41.607 46.954  
 1 57.625 73.901   7 207.275 60.022  11 21.782 59.957  18 41.606 46.953  
 1 57.622 73.900   7 207.274 60.021  11 21.782 59.956  18 41.606 46.952  
 1 57.620 73.899   7 207.273 60.020  11 21.782 59.955  18 41.605 46.951  
 1 57.619 73.899   7 207.271 60.020  11 21.783 59.954  18 41.605 46.951  
 1 57.616 73.898   7 207.271 60.019  11 21.783 59.954  18 41.605 46.950  
 1 57.613 73.898   7 207.270 60.018  11 21.784 59.953  18 41.604 46.949  
 1 57.609 73.897   7 207.271 60.017  11 21.783 59.952  18 41.603 46.949  
 1 57.608 73.896   7 207.268 60.017  11 21.784 59.951  18 41.603 46.948  
 1 57.606 73.896   7 207.268 60.016  11 21.785 59.950  18 41.603 46.947  
 1 57.603 73.895   7 207.267 60.015  11 21.785 59.950  18 41.602 46.946  
 1 57.601 73.895   7 207.266 60.014  11 21.785 59.949  18 41.602 46.946  
 1 57.600 73.894   7 207.264 60.013  11 21.786 59.948  18 41.602 46.945  
 1 57.597 73.893   7 207.263 60.013  11 21.786 59.947  18 41.601 46.944  
 1 57.594 73.893   7 207.263 60.012  11 21.787 59.947  18 41.601 46.943  
 1 57.592 73.892   7 207.262 60.011  11 21.787 59.946  18 41.600 46.943  
 1 57.589 73.892   7 207.261 60.010  11 21.787 59.945  18 41.600 46.942  
 1 57.587 73.891   7 207.260 60.009  11 21.788 59.944  18 41.599 46.941  
 1 57.583 73.891   7 207.260 60.009  11 21.787 59.944  18 41.599 46.941  
 1 57.581 73.890   7 207.259 60.008  11 21.788 59.943  18 41.598 46.940  
 1 57.579 73.890   7 207.258 60.007  11 21.788 59.942  18 41.598 46.939  
 1 57.577 73.889   7 207.257 60.006  11 21.789 59.941  18 41.598 46.938  
 1 57.575 73.888   7 207.256 60.006  11 21.789 59.941  18 41.597 46.938  
 1 57.572 73.888   7 207.255 60.005  11 21.790 59.940  18 41.597 46.937  
 1 57.570 73.887   7 207.254 60.004  11 21.790 59.939  18 41.596 46.936  
 1 57.567 73.887   7 207.253 60.003  11 21.790 59.938  18 41.596 46.935  
 1 57.565 73.886   7 207.252 60.003  11 21.791 59.937  18 41.595 46.935  
 1 57.563 73.885   7 207.251 60.002  11 21.791 59.937  18 41.595 46.934  
 1 57.562 73.885   7 207.249 60.001  11 21.792 59.936  18 41.595 46.933  
 1 57.559 73.884   7 207.249 60.000  11 21.792 59.935  18 41.595 46.933  
 1 57.556 73.884   7 207.248 59.999  11 21.793 59.934  18 41.594 46.932  
 1 57.554 73.883   7 207.247 59.999  11 21.793 59.934  18 41.594 46.931  
 1 57.552 73.882   7 207.246 59.998  11 21.793 59.933  18 41.593 46.930  
 1 57.549 73.882   7 207.245 59.997  11 21.794 59.932  18 41.593 46.930  
 1 57.547 73.881   7 207.245 59.996  11 21.794 59.931  18 41.592 46.929  
 1 57.544 73.881   7 207.244 59.996  11 21.794 59.931  18 41.592 46.928  
 1 57.541 73.880   7 207.243 59.995  11 21.795 59.930  18 41.591 46.927  
 1 57.539 73.879   7 207.242 59.994  11 21.795 59.929  18 41.591 46.927  
 1 57.536 73.879   7 207.241 59.993  11 21.795 59.928  18 41.590 46.926  
 1 57.534 73.878   7 207.241 59.993  11 21.795 59.927  18 41.590 46.925  
 1 57.531 73.878   7 207.240 59.992  11 21.796 59.927  18 41.589 46.924  
 1 57.529 73.877   7 207.239 59.991  11 21.796 59.926  18 41.589 46.924  
 1 57.527 73.877   7 207.238 59.990  11 21.797 59.925  18 41.589 46.923  
 1 57.524 73.876   7 207.237 59.990  11 21.797 59.924  18 41.588 46.922  
 1 57.522 73.875   7 207.236 59.989  11 21.798 59.924  18 41.588 46.922  
 1 57.520 73.875   7 207.235 59.988  11 21.798 59.923  18 41.587 46.921  
 1 57.517 73.874   7 207.234 59.987  11 21.798 59.922  18 41.587 46.920  
 1 57.516 73.873   7 207.232 59.987  11 21.799 59.921  18 41.587 46.919  
 1 57.513 73.873   7 207.232 59.986  11 21.799 59.921  18 41.586 46.919  
 1 57.511 73.872   7 207.231 59.985  11 21.800 59.920  18 41.586 46.918  
 1 57.508 73.872   7 207.230 59.984  11 21.800 59.919  18 41.585 46.917  
 1 57.505 73.871   7 207.230 59.984  11 21.800 59.918  18 41.585 46.916  
 1 57.503 73.871   7 207.229 59.983  11 21.800 59.918  18 41.584 46.916  
 1 57.500 73.870   7 207.228 59.982  11 21.801 59.917  18 41.584 46.915  
 1 57.498 73.869   7 207.227 59.981  11 21.801 59.916  18 41.583 46.914  
 1 57.496 73.869   7 207.226 59.980  11 21.801 59.915  18 41.583 46.914  
 1 57.493 73.868   7 207.225 59.980  11 21.802 59.914  18 41.583 46.913  
 1 57.491 73.868   7 207.224 59.979  11 21.802 59.914  18 41.582 46.912  
 1 57.489 73.867   7 207.223 59.978  11 21.803 59.913  18 41.582 46.911  
 1 57.486 73.867   7 207.222 59.977  11 21.803 59.912  18 41.581 46.911  
 1 57.484 73.866   7 207.222 59.977  11 21.803 59.911  18 41.581 46.910  
 1 57.482 73.865   7 207.220 59.976  11 21.804 59.911  18 41.581 46.909  
 1 57.480 73.865   7 207.219 59.975  11 21.804 59.910  18 41.580 46.908  
 1 57.478 73.864   7 207.218 59.974  11 21.805 59.909  18 41.580 46.908  
 1 57.475 73.864   7 207.217 59.974  11 21.805 59.908  18 41.579 46.907  
 1 57.472 73.863   7 207.217 59.973  11 21.805 59.908  18 41.579 46.906  
 1 57.471 73.862   7 207.215 59.972  11 21.806 59.907  18 41.579 46.905  
 1 57.467 73.862   7 207.215 59.971  11 21.806 59.906  18 41.578 46.905  
 1 57.465 73.861   7 207.214 59.971  11 21.806 59.905  18 41.577 46.904  
 1 57.463 73.861   7 207.213 59.970  11 21.807 59.905  18 41.577 46.903  
 1 57.460 73.860   7 207.212 59.969  11 21.807 59.904  18 41.577 46.903  
 1 57.458 73.859   7 207.211 59.968  11 21.808 59.903  18 41.576 46.902  
 1 57.455 73.859   7 207.211 59.968  11 21.808 59.902  18 41.576 46.901  
 1 57.452 73.858   7 207.210 59.967  11 21.808 59.901  18 41.575 46.900  
 1 57.451 73.858   7 207.208 59.966  11 21.809 59.901  18 41.575 46.900  
 1 57.448 73.857   7 207.208 59.965  11 21.809 59.900  18 41.575 46.899  
 1 57.446 73.856   7 207.207 59.965  11 21.809 59.899  18 41.574 46.898  
 1 57.443 73.856   7 207.206 59.964  11 21.810 59.898  18 41.574 46.897  
 1 57.441 73.855   7 207.205 59.963  11 21.810 59.898  18 41.573 46.897  
 1 57.439 73.855   7 207.204 59.962  11 21.811 59.897  18 41.573 46.896  
 1 57.437 73.854   7 207.203 59.962  11 21.811 59.896  18 41.572 46.895  
 1 57.433 73.854   7 207.203 59.961  11 21.811 59.895  18 41.572 46.895  
 1 57.432 73.853   7 207.201 59.960  11 21.812 59.895  18 41.572 46.894  
 1 57.430 73.852   7 207.200 59.959  11 21.812 59.894  18 41.571 46.893  
 1 57.427 73.852   7 207.199 59.958  11 21.812 59.893  18 41.571 46.892  
 1 57.424 73.851   7 207.199 59.958  11 21.813 59.892  18 41.570 46.892  
 1 57.422 73.850   7 207.198 59.957  11 21.813 59.891  18 41.570 46.891  
 1 57.420 73.850   7 207.197 59.956  11 21.814 59.891  18 41.569 46.890  
 1 57.418 73.849   7 207.196 59.955  11 21.814 59.890  18 41.569 46.889  
 1 57.415 73.849   7 207.195 59.955  11 21.814 59.889  18 41.569 46.889  
 1 57.413 73.848   7 207.194 59.954  11 21.815 59.888  18 41.568 46.888  
 1 57.410 73.847   7 207.193 59.953  11 21.815 59.888  18 41.568 46.887  
 1 57.408 73.847   7 207.192 59.952  11 21.816 59.887  18 41.567 46.886  
 1 57.406 73.846   7 207.191 59.952  11 21.816 59.886  18 41.567 46.886  
 1 57.404 73.846   7 207.190 59.951  11 21.816 59.885  18 41.567 46.885  
 1 57.401 73.845   7 207.189 59.950  11 21.817 59.885  18 41.566 46.884  
 1 57.399 73.844   7 207.188 59.949  11 21.817 59.884  18 41.566 46.883  
 1 57.397 73.844   7 207.187 59.948  11 21.818 59.883  18 41.565 46.883  
 1 57.394 73.843   7 207.187 59.948  11 21.818 59.882  18 41.565 46.882  
 1 57.391 73.843   7 207.186 59.947  11 21.818 59.882  18 41.564 46.881  
 1 57.390 73.842   7 207.184 59.946  11 21.819 59.881  18 41.564 46.881  
 1 57.388 73.841   7 207.183 59.946  11 21.819 59.880  18 41.564 46.880  
 1 57.385 73.841   7 207.182 59.945  11 21.820 59.879  18 41.563 46.879  
 1 57.383 73.840   7 207.182 59.944  11 21.820 59.879  18 41.563 46.878  
 1 57.381 73.840   7 207.181 59.943  11 21.821 59.878  18 41.563 46.878  
 1 57.378 73.839   7 207.180 59.942  11 21.821 59.877  18 41.562 46.877  
 1 57.376 73.838   7 207.179 59.942  11 21.821 59.876  18 41.562 46.876  
 1 57.375 73.838   7 207.177 59.941  11 21.822 59.876  18 41.562 46.875  
 1 57.373 73.837   7 207.175 59.940  11 21.823 59.875  18 41.562 46.875  
 1 57.371 73.836   7 207.175 59.939  11 21.823 59.874  18 41.561 46.874  
 1 57.368 73.836   7 207.174 59.939  11 21.824 59.873  18 41.560 46.873  
 1 57.365 73.835   7 207.173 59.938  11 21.824 59.872  18 41.560 46.872  
 1 57.363 73.835   7 207.173 59.937  11 21.824 59.872  18 41.559 46.872  
 1 57.360 73.834   7 207.172 59.936  11 21.824 59.871  18 41.559 46.871  
 1 57.357 73.833   7 207.171 59.936  11 21.825 59.870  18 41.558 46.870  
 1 57.355 73.833   7 207.170 59.935  11 21.825 59.869  18 41.558 46.869  
 1 57.353 73.832   7 207.169 59.934  11 21.825 59.868  18 41.558 46.869  
 1 57.350 73.832   7 207.168 59.933  11 21.826 59.868  18 41.557 46.868  
 1 57.348 73.831   7 207.167 59.933  11 21.826 59.867  18 41.557 46.867  
 1 57.346 73.830   7 207.167 59.932  11 21.826 59.866  18 41.556 46.866  
 1 57.343 73.830   7 207.166 59.931  11 21.827 59.865  18 41.556 46.866  
 1 57.341 73.829   7 207.165 59.930  11 21.827 59.865  18 41.555 46.865  
 1 57.338 73.829   7 207.164 59.930  11 21.827 59.864  18 41.555 46.864  
 1 57.336 73.828   7 207.163 59.929  11 21.828 59.863  18 41.555 46.863  
 1 57.333 73.828   7 207.162 59.928  11 21.828 59.862  18 41.554 46.863  
 1 57.330 73.827   7 207.162 59.927  11 21.828 59.862  18 41.553 46.862  
 1 57.328 73.826   7 207.161 59.927  11 21.829 59.861  18 41.553 46.861  
 1 57.327 73.826   7 207.159 59.926  11 21.829 59.860  18 41.553 46.861  
 1 57.325 73.825   7 207.158 59.925  11 21.830 59.859  18 41.553 46.860  
 1 57.322 73.825   7 207.157 59.924  11 21.830 59.859  18 41.552 46.859  
 1 57.320 73.824   7 207.156 59.923  11 21.831 59.858  18 41.552 46.858  
 1 57.318 73.823   7 207.155 59.923  11 21.831 59.857  18 41.551 46.858  
 1 57.315 73.823   7 207.155 59.922  11 21.831 59.856  18 41.551 46.857  
 1 57.313 73.822   7 207.154 59.921  11 21.832 59.856  18 41.550 46.856  
 1 57.309 73.822   7 207.154 59.921  11 21.831 59.855  18 41.549 46.856  
 1 57.307 73.821   7 207.153 59.920  11 21.832 59.854  18 41.549 46.855  
 1 57.305 73.820   7 207.152 59.919  11 21.832 59.853  18 41.549 46.854  
 1 57.303 73.820   7 207.150 59.918  11 21.833 59.852  18 41.549 46.853  
 1 57.301 73.819   7 207.149 59.917  11 21.834 59.852  18 41.548 46.853  
 1 57.299 73.818   7 207.148 59.917  11 21.835 59.851  18 41.548 46.852  
 1 57.297 73.818   7 207.146 59.916  11 21.835 59.850  18 41.548 46.851  
 1 57.295 73.817   7 207.145 59.915  11 21.836 59.850  18 41.548 46.850  
 1 57.293 73.816   7 207.144 59.914  11 21.836 59.849  18 41.547 46.850  
 1 57.291 73.816   7 207.143 59.914  11 21.837 59.848  18 41.547 46.849  
 1 57.289 73.815   7 207.142 59.913  11 21.837 59.847  18 41.546 46.848  
 1 57.286 73.815   7 207.141 59.912  11 21.837 59.846  18 41.546 46.847  
 1 57.284 73.814   7 207.140 59.911  11 21.838 59.846  18 41.545 46.847  
 1 57.282 73.813   7 207.139 59.910  11 21.838 59.845  18 41.545 46.846  
 1 57.280 73.813   7 207.138 59.910  11 21.839 59.844  18 41.545 46.845  
 1 57.278 73.812   7 207.137 59.909  11 21.839 59.844  18 41.544 46.844  
 1 57.276 73.811   7 207.136 59.908  11 21.840 59.843  18 41.544 46.844  
 1 57.274 73.811   7 207.134 59.908  11 21.841 59.842  18 41.544 46.843  
 1 57.271 73.810   7 207.134 59.907  11 21.841 59.841  18 41.543 46.842  
 1 57.268 73.810   7 207.134 59.906  11 21.841 59.841  18 41.543 46.842  
 1 57.266 73.809   7 207.133 59.905  11 21.841 59.840  18 41.542 46.841  
 1 57.263 73.809   7 207.132 59.904  11 21.841 59.839  18 41.542 46.840  
 1 57.260 73.808   7 207.132 59.904  11 21.841 59.838  18 41.541 46.839  
 1 57.258 73.808   7 207.131 59.903  11 21.842 59.837  18 41.541 46.839  
 1 57.255 73.807   7 207.130 59.902  11 21.842 59.837  18 41.540 46.838  
 1 57.253 73.807   7 207.129 59.901  11 21.842 59.836  18 41.540 46.837  
 1 57.250 73.806   7 207.129 59.901  11 21.842 59.835  18 41.539 46.837  
 1 57.248 73.805   7 207.128 59.900  11 21.843 59.834  18 41.539 46.836  
 1 57.245 73.805   7 207.127 59.899  11 21.843 59.834  18 41.538 46.835  
 1 57.243 73.804   7 207.126 59.898  11 21.843 59.833  18 41.538 46.834  
 1 57.240 73.804   7 207.125 59.897  11 21.844 59.832  18 41.537 46.834  
 1 57.238 73.803   7 207.124 59.897  11 21.844 59.831  18 41.537 46.833  
 1 57.236 73.802   7 207.123 59.896  11 21.845 59.831  18 41.537 46.832  
 1 57.235 73.802   7 207.121 59.895  11 21.846 59.830  18 41.537 46.831  
 1 57.233 73.801   7 207.120 59.894  11 21.846 59.829  18 41.536 46.831  
 1 57.230 73.801   7 207.120 59.894  11 21.846 59.828  18 41.536 46.830  
 1 57.228 73.800   7 207.119 59.893  11 21.847 59.828  18 41.535 46.829  
 1 57.225 73.799   7 207.118 59.892  11 21.847 59.827  18 41.535 46.829  
 1 57.222 73.799   7 207.117 59.891  11 21.847 59.826  18 41.534 46.828  
 1 57.220 73.798   7 207.117 59.891  11 21.847 59.825  18 41.534 46.827  
 1 57.217 73.798   7 207.116 59.890  11 21.848 59.824  18 41.533 46.826  
 1 57.215 73.797   7 207.115 59.889  11 21.848 59.824  18 41.533 46.826  
 1 57.212 73.797   7 207.114 59.888  11 21.848 59.823  18 41.532 46.825  
 1 57.210 73.796   7 207.114 59.887  11 21.848 59.822  18 41.532 46.824  
 1 57.207 73.795   7 207.113 59.887  11 21.849 59.821  18 41.532 46.823  
 1 57.205 73.795   7 207.112 59.886  11 21.849 59.821  18 41.531 46.823  
 1 57.203 73.794   7 207.111 59.885  11 21.850 59.820  18 41.531 46.822  
 1 57.200 73.794   7 207.110 59.884  11 21.850 59.819  18 41.530 46.821  
 1 57.198 73.793   7 207.109 59.884  11 21.850 59.818  18 41.530 46.820  
 1 57.196 73.792   7 207.108 59.883  11 21.851 59.818  18 41.530 46.820  
 1 57.194 73.792   7 207.107 59.882  11 21.851 59.817  18 41.529 46.819  
 1 57.192 73.791   7 207.106 59.881  11 21.852 59.816  18 41.529 46.818  
 1 57.190 73.790   7 207.104 59.881  11 21.853 59.815  18 41.529 46.818  
 1 57.189 73.790   7 207.103 59.880  11 21.853 59.815  18 41.528 46.817  
 1 57.186 73.789   7 207.102 59.879  11 21.854 59.814  18 41.528 46.816  
 1 57.184 73.789   7 207.101 59.878  11 21.854 59.813  18 41.528 46.815  
 1 57.181 73.788   7 207.100 59.877  11 21.854 59.812  18 41.527 46.815  
 1 57.179 73.787   7 207.100 59.877  11 21.855 59.812  18 41.527 46.814  
 1 57.176 73.787   7 207.099 59.876  11 21.855 59.811  18 41.526 46.813  
 1 57.174 73.786   7 207.098 59.875  11 21.855 59.810  18 41.526 46.812  
 1 57.172 73.786   7 207.097 59.874  11 21.856 59.809  18 41.525 46.812  
 1 57.171 73.785   7 207.095 59.874  11 21.857 59.809  18 41.525 46.811  
 1 57.168 73.784   7 207.094 59.873  11 21.857 59.808  18 41.525 46.810  
 1 57.165 73.784   7 207.094 59.872  11 21.857 59.807  18 41.524 46.809  
 1 57.163 73.783   7 207.093 59.871  11 21.857 59.806  18 41.524 46.809  
 1 57.160 73.783   7 207.092 59.871  11 21.858 59.805  18 41.523 46.808  
 1 57.158 73.782   7 207.091 59.870  11 21.858 59.805  18 41.523 46.807  
 1 57.155 73.781   7 207.091 59.869  11 21.858 59.804  18 41.522 46.807  
 1 57.153 73.781   7 207.090 59.868  11 21.859 59.803  18 41.522 46.806  
 1 57.150 73.780   7 207.089 59.868  11 21.859 59.802  18 41.521 46.805  
 1 57.149 73.780   7 207.087 59.867  11 21.860 59.802  18 41.521 46.804  
 1 57.146 73.779   7 207.087 59.866  11 21.860 59.801  18 41.521 46.804  
 1 57.144 73.778   7 207.086 59.865  11 21.860 59.800  18 41.520 46.803  
 1 57.141 73.778   7 207.085 59.865  11 21.861 59.799  18 41.520 46.802  
 1 57.139 73.777   7 207.084 59.864  11 21.861 59.798  18 41.519 46.801  
 1 57.136 73.777   7 207.083 59.863  11 21.861 59.798  18 41.519 46.801  
 1 57.134 73.776   7 207.082 59.862  11 21.862 59.797  18 41.519 46.800  
 1 57.132 73.775   7 207.081 59.861  11 21.862 59.796  18 41.518 46.799  
 1 57.129 73.775   7 207.081 59.861  11 21.863 59.795  18 41.518 46.798  
 1 57.127 73.774   7 207.080 59.860  11 21.863 59.795  18 41.517 46.798  
 1 57.125 73.774   7 207.079 59.859  11 21.863 59.794  18 41.517 46.797  
 1 57.122 73.773   7 207.078 59.858  11 21.864 59.793  18 41.516 46.796  
 1 57.120 73.772   7 207.077 59.858  11 21.864 59.792  18 41.516 46.796  
 1 57.117 73.772   7 207.076 59.857  11 21.864 59.792  18 41.516 46.795  
 1 57.115 73.771   7 207.075 59.856  11 21.865 59.791  18 41.515 46.794  
 1 57.113 73.771   7 207.074 59.855  11 21.865 59.790  18 41.515 46.793  
 1 57.110 73.770   7 207.073 59.855  11 21.865 59.789  18 41.514 46.793  
 1 57.108 73.769   7 207.073 59.854  11 21.866 59.788  18 41.514 46.792  
 1 57.105 73.769   7 207.072 59.853  11 21.866 59.788  18 41.513 46.791  
 1 57.103 73.768   7 207.071 59.853  11 21.866 59.787  18 41.513 46.790  
 1 57.101 73.768   7 207.070 59.852  11 21.867 59.786  18 41.512 46.790  
 1 57.098 73.767   7 207.069 59.851  11 21.867 59.785  18 41.512 46.789  
 1 57.096 73.766   7 207.068 59.850  11 21.868 59.785  18 41.512 46.788  
 1 57.094 73.766   7 207.067 59.850  11 21.868 59.784  18 41.511 46.787  
 1 57.092 73.765   7 207.066 59.849  11 21.868 59.783  18 41.511 46.787  
 1 57.089 73.765   7 207.065 59.848  11 21.869 59.782  18 41.510 46.786  
 1 57.086 73.764   7 207.065 59.847  11 21.869 59.782  18 41.510 46.785  
 1 57.084 73.763   7 207.064 59.847  11 21.869 59.781  18 41.509 46.785  
 1 57.082 73.763   7 207.063 59.846  11 21.870 59.780  18 41.509 46.784  
 1 57.079 73.762   7 207.062 59.845  11 21.870 59.779  18 41.509 46.783  
 1 57.077 73.762   7 207.061 59.844  11 21.871 59.778  18 41.508 46.782  
 1 57.075 73.761   7 207.060 59.844  11 21.871 59.778  18 41.508 46.782  
 1 57.073 73.760   7 207.059 59.843  11 21.872 59.777  18 41.507 46.781  
 1 57.070 73.760   7 207.058 59.842  11 21.872 59.776  18 41.507 46.780  
 1 57.068 73.759   7 207.057 59.841  11 21.872 59.775  18 41.507 46.779  
 1 57.066 73.758   7 207.056 59.841  11 21.873 59.775  18 41.506 46.778  
 1 57.064 73.758   7 207.055 59.840  11 21.873 59.774  18 41.506 46.778  
 1 57.062 73.757   7 207.053 59.839  11 21.874 59.773  18 41.506 46.777  
 1 57.060 73.756   7 207.052 59.838  11 21.874 59.772  18 41.505 46.776  
 1 57.057 73.756   7 207.052 59.838  11 21.875 59.772  18 41.505 46.776  
 1 57.053 73.755   7 207.052 59.837  11 21.874 59.771  18 41.504 46.775  
 1 57.051 73.755   7 207.051 59.836  11 21.875 59.770  18 41.503 46.774  
 1 57.049 73.754   7 207.050 59.835  11 21.875 59.769  18 41.503 46.773  
 1 57.047 73.754   7 207.049 59.835  11 21.876 59.768  18 41.503 46.773  
 1 57.044 73.753   7 207.048 59.834  11 21.876 59.768  18 41.502 46.772  
 1 57.042 73.752   7 207.047 59.833  11 21.876 59.767  18 41.502 46.771  
 1 57.040 73.752   7 207.046 59.832  11 21.877 59.766  18 41.502 46.770  
 1 57.037 73.751   7 207.045 59.831  11 21.877 59.765  18 41.501 46.770  
 1 57.035 73.751   7 207.044 59.831  11 21.878 59.765  18 41.501 46.769  
 1 57.033 73.750   7 207.043 59.830  11 21.878 59.764  18 41.500 46.768  
 1 57.032 73.749   7 207.042 59.829  11 21.879 59.763  18 41.500 46.768  
 1 57.029 73.749   7 207.041 59.828  11 21.879 59.762  18 41.500 46.767  
 1 57.027 73.748   7 207.040 59.828  11 21.880 59.762  18 41.499 46.766  
 1 57.024 73.748   7 207.039 59.827  11 21.880 59.761  18 41.499 46.765  
 1 57.022 73.747   7 207.038 59.826  11 21.880 59.760  18 41.498 46.765  
 1 57.019 73.746   7 207.038 59.825  11 21.880 59.759  18 41.498 46.764  
 1 57.017 73.746   7 207.037 59.824  11 21.881 59.759  18 41.498 46.763  
 1 57.015 73.745   7 207.036 59.824  11 21.881 59.758  18 41.497 46.762  
 1 57.012 73.745   7 207.035 59.823  11 21.881 59.757  18 41.497 46.762  
 1 57.010 73.744   7 207.034 59.822  11 21.882 59.756  18 41.496 46.761  
 1 57.008 73.743   7 207.033 59.822  11 21.883 59.756  18 41.496 46.760  
 1 57.006 73.743   7 207.032 59.821  11 21.883 59.755  18 41.496 46.760  
 1 57.003 73.742   7 207.031 59.820  11 21.883 59.754  18 41.495 46.759  
 1 57.001 73.742   7 207.030 59.819  11 21.883 59.753  18 41.495 46.758  
 1 56.999 73.741   7 207.029 59.818  11 21.884 59.753  18 41.494 46.757  
 1 56.996 73.741   7 207.029 59.818  11 21.884 59.752  18 41.494 46.757  
 1 56.994 73.740   7 207.028 59.817  11 21.884 59.751  18 41.493 46.756  
 1 56.991 73.739   7 207.027 59.816  11 21.885 59.750  18 41.493 46.755  
 1 56.988 73.739   7 207.026 59.815  11 21.885 59.750  18 41.492 46.755  
 1 56.986 73.738   7 207.026 59.815  11 21.885 59.749  18 41.492 46.754  
 1 56.983 73.738   7 207.025 59.814  11 21.885 59.748  18 41.491 46.753  
 1 56.981 73.737   7 207.024 59.813  11 21.886 59.747  18 41.491 46.752  
 1 56.978 73.737   7 207.024 59.812  11 21.886 59.746  18 41.490 46.752  
 1 56.976 73.736   7 207.023 59.811  11 21.886 59.746  18 41.490 46.751  
 1 56.974 73.735   7 207.022 59.811  11 21.887 59.745  18 41.490 46.750  
 1 56.972 73.735   7 207.021 59.810  11 21.887 59.744  18 41.489 46.750  
 1 56.969 73.734   7 207.020 59.809  11 21.888 59.743  18 41.489 46.749  
 1 56.968 73.733   7 207.018 59.808  11 21.888 59.743  18 41.489 46.748  
 1 56.965 73.733   7 207.017 59.808  11 21.889 59.742  18 41.488 46.747  
 1 56.964 73.732   7 207.016 59.807  11 21.890 59.741  18 41.488 46.747  
 1 56.961 73.732   7 207.015 59.806  11 21.890 59.740  18 41.487 46.746  
 1 56.958 73.731   7 207.015 59.805  11 21.890 59.740  18 41.487 46.745  
 1 56.956 73.730   7 207.014 59.805  11 21.890 59.739  18 41.486 46.744  
 1 56.954 73.730   7 207.013 59.804  11 21.891 59.738  18 41.486 46.744  
 1 56.951 73.729   7 207.012 59.803  11 21.891 59.737  18 41.486 46.743  
 1 56.949 73.729   7 207.011 59.802  11 21.891 59.737  18 41.485 46.742  
 1 56.947 73.728   7 207.010 59.801  11 21.892 59.736  18 41.485 46.741  
 1 56.944 73.728   7 207.009 59.801  11 21.892 59.735  18 41.484 46.741  
 1 56.942 73.727   7 207.008 59.800  11 21.892 59.734  18 41.484 46.740  
 1 56.940 73.726   7 207.007 59.799  11 21.893 59.734  18 41.484 46.739  
 1 56.938 73.726   7 207.006 59.798  11 21.893 59.733  18 41.483 46.738  
 1 56.934 73.725   7 207.006 59.798  11 21.893 59.732  18 41.483 46.738  
 1 56.932 73.725   7 207.005 59.797  11 21.894 59.731  18 41.482 46.737  
 1 56.930 73.724   7 207.004 59.796  11 21.894 59.731  18 41.482 46.736  
 1 56.928 73.723   7 207.003 59.795  11 21.894 59.730  18 41.481 46.736  
 1 56.925 73.723   7 207.002 59.795  11 21.895 59.729  18 41.481 46.735  
 1 56.923 73.722   7 207.001 59.794  11 21.895 59.728  18 41.481 46.734  
 1 56.921 73.721   7 207.000 59.793  11 21.896 59.727  18 41.480 46.733  
 1 56.919 73.721   7 206.999 59.792  11 21.896 59.727  18 41.480 46.733  
 1 56.917 73.720   7 206.998 59.792  11 21.897 59.726  18 41.479 46.732  
 1 56.915 73.720   7 206.997 59.791  11 21.897 59.725  18 41.479 46.731  
 1 56.912 73.719   7 206.996 59.790  11 21.897 59.724  18 41.479 46.731  
 1 56.910 73.719   7 206.996 59.789  11 21.898 59.724  18 41.478 46.730  
 1 56.908 73.718   7 206.994 59.789  11 21.898 59.723  18 41.478 46.729  
 1 56.906 73.717   7 206.993 59.788  11 21.899 59.722  18 41.478 46.728  
 1 56.904 73.717   7 206.992 59.787  11 21.899 59.721  18 41.477 46.728  
 1 56.901 73.716   7 206.991 59.786  11 21.900 59.721  18 41.477 46.727  
 1 56.898 73.715   7 206.991 59.786  11 21.900 59.720  18 41.476 46.726  
 1 56.896 73.715   7 206.990 59.785  11 21.900 59.719  18 41.476 46.725  
 1 56.894 73.714   7 206.989 59.784  11 21.901 59.718  18 41.475 46.725  
 1 56.891 73.714   7 206.988 59.783  11 21.901 59.718  18 41.475 46.724  
 1 56.888 73.713   7 206.988 59.783  11 21.901 59.717  18 41.474 46.723  
 1 56.886 73.713   7 206.987 59.782  11 21.901 59.716  18 41.474 46.723  
 1 56.884 73.712   7 206.986 59.781  11 21.902 59.715  18 41.474 46.722  
 1 56.882 73.711   7 206.985 59.780  11 21.902 59.714  18 41.473 46.721  
 1 56.880 73.710   7 206.983 59.780  11 21.903 59.714  18 41.473 46.720  
 1 56.878 73.710   7 206.982 59.779  11 21.903 59.713  18 41.472 46.720  
 1 56.875 73.709   7 206.982 59.778  11 21.904 59.712  18 41.472 46.719  
 1 56.873 73.709   7 206.981 59.777  11 21.904 59.712  18 41.472 46.718  
 1 56.871 73.708   7 206.980 59.777  11 21.905 59.711  18 41.471 46.717  
 1 56.868 73.708   7 206.979 59.776  11 21.905 59.710  18 41.471 46.717  
 1 56.866 73.707   7 206.978 59.775  11 21.905 59.709  18 41.470 46.716  
 1 56.864 73.706   7 206.977 59.774  11 21.906 59.708  18 41.470 46.715  
 1 56.861 73.706   7 206.976 59.773  11 21.906 59.708  18 41.470 46.714  
 1 56.859 73.705   7 206.975 59.773  11 21.906 59.707  18 41.469 46.714  
 1 56.857 73.704   7 206.974 59.772  11 21.907 59.706  18 41.469 46.713  
 1 56.855 73.704   7 206.973 59.771  11 21.907 59.705  18 41.468 46.712  
 1 56.852 73.703   7 206.973 59.770  11 21.908 59.705  18 41.468 46.711  
 1 56.850 73.703   7 206.972 59.770  11 21.908 59.704  18 41.467 46.711  
 1 56.847 73.702   7 206.971 59.769  11 21.908 59.703  18 41.467 46.710  
 1 56.845 73.701   7 206.970 59.768  11 21.909 59.702  18 41.467 46.709  
 1 56.843 73.701   7 206.969 59.767  11 21.909 59.701  18 41.466 46.708  
 1 56.841 73.700   7 206.968 59.767  11 21.910 59.701  18 41.466 46.708  
 1 56.838 73.700   7 206.967 59.766  11 21.910 59.700  18 41.465 46.707  
 1 56.837 73.699   7 206.965 59.765  11 21.911 59.699  18 41.465 46.706  
 1 56.834 73.698   7 206.965 59.764  11 21.911 59.698  18 41.465 46.705  
 1 56.832 73.698   7 206.964 59.764  11 21.911 59.698  18 41.464 46.705  
 1 56.829 73.697   7 206.963 59.763  11 21.912 59.697  18 41.464 46.704  
 1 56.827 73.697   7 206.962 59.762  11 21.912 59.696  18 41.463 46.703  
 1 56.825 73.696   7 206.961 59.761  11 21.912 59.695  18 41.463 46.703  
 1 56.823 73.695   7 206.960 59.760  11 21.913 59.695  18 41.463 46.702  
 1 56.820 73.695   7 206.959 59.760  11 21.913 59.694  18 41.462 46.701  
 1 56.818 73.694   7 206.959 59.759  11 21.914 59.693  18 41.462 46.700  
 1 56.816 73.694   7 206.957 59.758  11 21.914 59.692  18 41.461 46.700  
 1 56.813 73.693   7 206.957 59.757  11 21.914 59.692  18 41.461 46.699  
 1 56.811 73.692   7 206.956 59.757  11 21.915 59.691  18 41.460 46.698  
 1 56.808 73.692   7 206.955 59.756  11 21.915 59.690  18 41.460 46.698  
 1 56.806 73.691   7 206.954 59.755  11 21.915 59.689  18 41.460 46.697  
 1 56.803 73.691   7 206.954 59.754  11 21.915 59.689  18 41.459 46.696  
 1 56.801 73.690   7 206.953 59.754  11 21.916 59.688  18 41.459 46.695  
 1 56.799 73.689   7 206.952 59.753  11 21.916 59.687  18 41.458 46.695  
 1 56.797 73.689   7 206.951 59.752  11 21.917 59.686  18 41.458 46.694  
 1 56.794 73.688   7 206.950 59.751  11 21.917 59.685  18 41.458 46.693  
 1 56.792 73.688   7 206.949 59.751  11 21.917 59.685  18 41.457 46.692  
 1 56.789 73.687   7 206.949 59.750  11 21.917 59.684  18 41.456 46.692  
 1 56.787 73.687   7 206.948 59.749  11 21.918 59.683  18 41.456 46.691  
 1 56.785 73.686   7 206.947 59.748  11 21.918 59.682  18 41.456 46.690  
 1 56.782 73.685   7 206.946 59.747  11 21.919 59.682  18 41.455 46.689  
 1 56.780 73.685   7 206.945 59.747  11 21.919 59.681  18 41.455 46.689  
 1 56.777 73.684   7 206.945 59.746  11 21.919 59.680  18 41.454 46.688  
 1 56.775 73.684   7 206.943 59.745  11 21.920 59.679  18 41.454 46.687  
 1 56.773 73.683   7 206.942 59.744  11 21.920 59.679  18 41.454 46.687  
 1 56.771 73.682   7 206.941 59.744  11 21.921 59.678  18 41.453 46.686  
 1 56.769 73.682   7 206.940 59.743  11 21.921 59.677  18 41.453 46.685  
 1 56.767 73.681   7 206.939 59.742  11 21.922 59.676  18 41.453 46.684  
 1 56.764 73.680   7 206.938 59.741  11 21.922 59.676  18 41.452 46.684  
 1 56.762 73.680   7 206.937 59.741  11 21.922 59.675  18 41.452 46.683  
 1 56.759 73.679   7 206.937 59.740  11 21.923 59.674  18 41.451 46.682  
 1 56.757 73.679   7 206.936 59.739  11 21.923 59.673  18 41.451 46.681  
 1 56.755 73.678   7 206.934 59.738  11 21.924 59.673  18 41.451 46.681  
 1 56.753 73.677   7 206.933 59.737  11 21.924 59.672  18 41.450 46.680  
 1 56.752 73.677   7 206.932 59.737  11 21.925 59.671  18 41.450 46.679  
 1 56.750 73.676   7 206.931 59.736  11 21.925 59.670  18 41.450 46.678  
 1 56.747 73.675   7 206.930 59.735  11 21.926 59.670  18 41.449 46.678  
 1 56.745 73.675   7 206.929 59.735  11 21.926 59.669  18 41.449 46.677  
 1 56.742 73.674   7 206.928 59.734  11 21.926 59.668  18 41.448 46.676  
 1 56.739 73.674   7 206.928 59.733  11 21.926 59.667  18 41.448 46.676  
 1 56.736 73.673   7 206.928 59.732  11 21.926 59.666  18 41.447 46.675  
 1 56.734 73.673   7 206.927 59.731  11 21.927 59.666  18 41.447 46.674  
 1 56.732 73.672   7 206.925 59.731  11 21.927 59.665  18 41.446 46.673  
 1 56.730 73.671   7 206.924 59.730  11 21.928 59.664  18 41.446 46.673  
 1 56.728 73.671   7 206.923 59.729  11 21.928 59.663  18 41.446 46.672  
 1 56.726 73.670   7 206.923 59.728  11 21.929 59.663  18 41.445 46.671  
 1 56.723 73.670   7 206.922 59.728  11 21.929 59.662  18 41.445 46.670  
 1 56.721 73.669   7 206.921 59.727  11 21.929 59.661  18 41.444 46.670  
 1 56.719 73.668   7 206.920 59.726  11 21.930 59.660  18 41.444 46.669  
 1 56.716 73.668   7 206.919 59.725  11 21.930 59.659  18 41.444 46.668  
 1 56.714 73.667   7 206.918 59.724  11 21.931 59.659  18 41.443 46.667  
 1 56.712 73.666   7 206.917 59.724  11 21.931 59.658  18 41.443 46.667  
 1 56.709 73.666   7 206.916 59.723  11 21.931 59.657  18 41.442 46.666  
 1 56.708 73.665   7 206.915 59.722  11 21.932 59.657  18 41.442 46.665  
 1 56.706 73.664   7 206.914 59.721  11 21.933 59.656  18 41.442 46.664  
 1 56.705 73.664   7 206.912 59.721  11 21.934 59.655  18 41.442 46.664  
 1 56.702 73.663   7 206.911 59.720  11 21.934 59.654  18 41.441 46.663  
 1 56.700 73.662   7 206.910 59.719  11 21.934 59.653  18 41.441 46.662  
 1 56.697 73.662   7 206.910 59.718  11 21.934 59.653  18 41.440 46.661  
 1 56.694 73.661   7 206.909 59.718  11 21.934 59.652  18 41.440 46.661  
 1 56.692 73.661   7 206.909 59.717  11 21.935 59.651  18 41.439 46.660  
 1 56.689 73.660   7 206.908 59.716  11 21.935 59.650  18 41.439 46.659  
 1 56.687 73.660   7 206.907 59.715  11 21.935 59.650  18 41.438 46.658  
 1 56.685 73.659   7 206.906 59.714  11 21.936 59.649  18 41.438 46.658  
 1 56.682 73.658   7 206.905 59.714  11 21.936 59.648  18 41.437 46.657  
 1 56.680 73.658   7 206.904 59.713  11 21.937 59.647  18 41.437 46.656  
 1 56.679 73.657   7 206.902 59.712  11 21.938 59.647  18 41.437 46.655  
 1 56.676 73.656   7 206.902 59.711  11 21.938 59.646  18 41.436 46.655  
 1 56.674 73.656   7 206.901 59.711  11 21.938 59.645  18 41.436 46.654  
 1 56.671 73.655   7 206.900 59.710  11 21.938 59.644  18 41.435 46.653  
 1 56.668 73.655   7 206.900 59.709  11 21.938 59.643  18 41.435 46.653  
 1 56.666 73.654   7 206.899 59.708  11 21.939 59.643  18 41.434 46.652  
 1 56.664 73.654   7 206.898 59.708  11 21.939 59.642  18 41.434 46.651  
 1 56.661 73.653   7 206.897 59.707  11 21.939 59.641  18 41.434 46.650  
 1 56.659 73.652   7 206.896 59.706  11 21.940 59.640  18 41.433 46.650  
 1 56.657 73.652   7 206.895 59.705  11 21.940 59.640  18 41.433 46.649  
 1 56.655 73.651   7 206.894 59.705  11 21.941 59.639  18 41.432 46.648  
 1 56.652 73.651   7 206.893 59.704  11 21.941 59.638  18 41.432 46.648  
 1 56.650 73.650   7 206.892 59.703  11 21.942 59.637  18 41.432 46.647  
 1 56.648 73.649   7 206.891 59.702  11 21.942 59.637  18 41.431 46.646  
 1 56.646 73.649   7 206.890 59.702  11 21.942 59.636  18 41.431 46.645  
 1 56.644 73.648   7 206.889 59.701  11 21.943 59.635  18 41.431 46.644  
 1 56.641 73.647   7 206.888 59.700  11 21.943 59.634  18 41.430 46.644  
 1 56.639 73.647   7 206.887 59.699  11 21.944 59.633  18 41.430 46.643  
 1 56.637 73.646   7 206.886 59.698  11 21.944 59.633  18 41.429 46.642  
 1 56.635 73.646   7 206.885 59.698  11 21.945 59.632  18 41.429 46.641  
 1 56.632 73.645   7 206.885 59.697  11 21.945 59.631  18 41.429 46.641  
 1 56.630 73.644   7 206.884 59.696  11 21.945 59.630  18 41.428 46.640  
 1 56.627 73.644   7 206.883 59.695  11 21.945 59.630  18 41.428 46.639  
 1 56.625 73.643   7 206.882 59.695  11 21.946 59.629  18 41.427 46.639  
 1 56.623 73.643   7 206.881 59.694  11 21.946 59.628  18 41.427 46.638  
 1 56.620 73.642   7 206.881 59.693  11 21.946 59.627  18 41.426 46.637  
 1 56.618 73.641   7 206.880 59.692  11 21.947 59.627  18 41.426 46.636  
 1 56.616 73.641   7 206.879 59.692  11 21.947 59.626  18 41.425 46.636  
 1 56.614 73.640   7 206.878 59.691  11 21.948 59.625  18 41.425 46.635  
 1 56.612 73.639   7 206.877 59.690  11 21.948 59.624  18 41.425 46.634  
 1 56.610 73.639   7 206.875 59.689  11 21.949 59.624  18 41.425 46.633  
 1 56.608 73.638   7 206.874 59.689  11 21.950 59.623  18 41.424 46.633  
 1 56.606 73.637   7 206.873 59.688  11 21.950 59.622  18 41.424 46.632  
 1 56.604 73.637   7 206.872 59.687  11 21.950 59.621  18 41.423 46.631  
 1 56.601 73.636   7 206.871 59.686  11 21.951 59.620  18 41.423 46.630  
 1 56.599 73.636   7 206.870 59.686  11 21.951 59.620  18 41.423 46.630  
 1 56.597 73.635   7 206.869 59.685  11 21.952 59.619  18 41.422 46.629  
 1 56.595 73.634   7 206.868 59.684  11 21.952 59.618  18 41.422 46.628  
 1 56.593 73.634   7 206.867 59.683  11 21.953 59.617  18 41.422 46.627  
 1 56.591 73.633   7 206.866 59.682  11 21.953 59.617  18 41.421 46.626  
 1 56.589 73.632   7 206.865 59.682  11 21.954 59.616  18 41.421 46.626  
 1 56.587 73.631   7 206.863 59.681  11 21.955 59.615  18 41.421 46.625  
 1 56.586 73.631   7 206.862 59.680  11 21.955 59.614  18 41.421 46.624  
 1 56.584 73.630   7 206.861 59.679  11 21.956 59.613  18 41.420 46.623  
 1 56.582 73.629   7 206.859 59.678  11 21.957 59.613  18 41.420 46.622  
 1 56.580 73.629   7 206.858 59.678  11 21.957 59.612  18 41.420 46.621  
 1 56.579 73.628   7 206.856 59.677  11 21.958 59.611  18 41.420 46.621  
 1 56.577 73.627   7 206.856 59.676  11 21.958 59.610  18 41.419 46.620  
 1 56.574 73.627   7 206.855 59.675  11 21.959 59.609  18 41.419 46.619  
 1 56.572 73.626   7 206.854 59.675  11 21.959 59.609  18 41.418 46.618  
 1 56.570 73.625   7 206.853 59.674  11 21.960 59.608  18 41.418 46.618  
 1 56.567 73.625   7 206.853 59.673  11 21.960 59.607  18 41.417 46.617  
 1 56.564 73.624   7 206.852 59.672  11 21.960 59.606  18 41.417 46.616  
 1 56.562 73.624   7 206.851 59.671  11 21.961 59.606  18 41.417 46.615  
 1 56.560 73.623   7 206.850 59.671  11 21.961 59.605  18 41.416 46.615  
 1 56.558 73.622   7 206.849 59.670  11 21.961 59.604  18 41.416 46.614  
 1 56.556 73.622   7 206.848 59.669  11 21.962 59.603  18 41.415 46.613  
 1 56.553 73.621   7 206.847 59.668  11 21.962 59.603  18 41.415 46.612  
 1 56.551 73.620   7 206.846 59.668  11 21.963 59.602  18 41.415 46.612  
 1 56.548 73.620   7 206.846 59.667  11 21.963 59.601  18 41.414 46.611  
 1 56.546 73.620   7 206.845 59.666  11 21.963 59.600  18 41.414 46.610  
 1 56.543 73.619   7 206.844 59.665  11 21.963 59.600  18 41.413 46.610  
 1 56.541 73.618   7 206.843 59.665  11 21.963 59.599  18 41.413 46.609  
 1 56.538 73.618   7 206.842 59.664  11 21.964 59.598  18 41.412 46.608  
 1 56.535 73.617   7 206.842 59.663  11 21.964 59.597  18 41.411 46.608  
 1 56.533 73.617   7 206.841 59.662  11 21.964 59.597  18 41.411 46.607  
 1 56.530 73.616   7 206.841 59.662  11 21.964 59.596  18 41.411 46.606  
 1 56.528 73.616   7 206.840 59.661  11 21.964 59.595  18 41.410 46.606  
 1 56.526 73.615   7 206.839 59.660  11 21.965 59.594  18 41.410 46.605  
 1 56.523 73.615   7 206.838 59.659  11 21.965 59.594  18 41.409 46.604  
 1 56.521 73.614   7 206.838 59.659  11 21.965 59.593  18 41.409 46.604  
 1 56.519 73.613   7 206.836 59.658  11 21.966 59.592  18 41.409 46.603  
 1 56.518 73.613   7 206.834 59.657  11 21.967 59.592  18 41.409 46.602  
 1 56.515 73.612   7 206.834 59.656  11 21.967 59.591  18 41.408 46.601  
 1 56.512 73.611   7 206.833 59.656  11 21.967 59.590  18 41.407 46.601  
 1 56.510 73.611   7 206.833 59.655  11 21.968 59.589  18 41.407 46.600  
 1 56.507 73.610   7 206.832 59.654  11 21.968 59.588  18 41.406 46.599  
 1 56.506 73.610   7 206.830 59.653  11 21.969 59.588  18 41.406 46.598  
 1 56.503 73.609   7 206.830 59.653  11 21.969 59.587  18 41.406 46.598  
 1 56.500 73.608   7 206.829 59.652  11 21.969 59.586  18 41.405 46.597  
 1 56.498 73.608   7 206.828 59.651  11 21.969 59.585  18 41.405 46.596  
 1 56.496 73.607   7 206.827 59.650  11 21.970 59.584  18 41.404 46.595  
 1 56.493 73.607   7 206.827 59.649  11 21.970 59.584  18 41.404 46.595  
 1 56.490 73.606   7 206.826 59.649  11 21.970 59.583  18 41.403 46.594  
 1 56.488 73.606   7 206.825 59.648  11 21.970 59.582  18 41.403 46.593  
 1 56.486 73.605   7 206.825 59.647  11 21.971 59.581  18 41.402 46.593  
 1 56.483 73.604   7 206.824 59.646  11 21.971 59.581  18 41.402 46.592  
 1 56.481 73.604   7 206.823 59.646  11 21.972 59.580  18 41.402 46.591  
 1 56.479 73.603   7 206.822 59.645  11 21.972 59.579  18 41.401 46.590  
 1 56.478 73.602   7 206.820 59.644  11 21.973 59.578  18 41.401 46.590  
 1 56.476 73.602   7 206.819 59.643  11 21.973 59.578  18 41.401 46.589  
 1 56.472 73.602   7 206.819 59.643  11 21.973 59.577  18 41.400 46.589  
 1 56.470 73.601   7 206.818 59.642  11 21.973 59.576  18 41.399 46.588  
 1 56.467 73.600   7 206.818 59.641  11 21.974 59.575  18 41.399 46.587  
 1 56.465 73.600   7 206.817 59.640  11 21.974 59.575  18 41.399 46.586  
 1 56.463 73.599   7 206.816 59.640  11 21.974 59.574  18 41.398 46.585  
 1 56.460 73.598   7 206.815 59.639  11 21.975 59.573  18 41.398 46.585  
 1 56.457 73.598   7 206.814 59.638  11 21.975 59.572  18 41.397 46.584  
 1 56.455 73.597   7 206.813 59.637  11 21.975 59.572  18 41.397 46.583  
 1 56.453 73.597   7 206.812 59.637  11 21.976 59.571  18 41.396 46.583  
 1 56.451 73.596   7 206.812 59.636  11 21.976 59.570  18 41.396 46.582  
 1 56.449 73.595   7 206.810 59.635  11 21.977 59.569  18 41.396 46.581  
 1 56.446 73.595   7 206.810 59.634  11 21.977 59.569  18 41.395 46.580  
 1 56.444 73.594   7 206.809 59.634  11 21.977 59.568  18 41.395 46.580  
 1 56.442 73.594   7 206.808 59.633  11 21.978 59.567  18 41.394 46.579  
 1 56.439 73.593   7 206.807 59.632  11 21.978 59.566  18 41.394 46.578  
 1 56.437 73.592   7 206.806 59.631  11 21.978 59.566  18 41.393 46.578  
 1 56.435 73.592   7 206.805 59.631  11 21.979 59.565  18 41.393 46.577  
 1 56.433 73.591   7 206.804 59.630  11 21.979 59.564  18 41.393 46.576  
 1 56.430 73.591   7 206.803 59.629  11 21.980 59.563  18 41.392 46.575  
 1 56.428 73.590   7 206.803 59.628  11 21.980 59.562  18 41.392 46.575  
 1 56.425 73.589   7 206.802 59.628  11 21.980 59.562  18 41.391 46.574  
 1 56.423 73.589   7 206.801 59.627  11 21.980 59.561  18 41.391 46.573  
 1 56.420 73.588   7 206.800 59.626  11 21.981 59.560  18 41.390 46.573  
 1 56.418 73.588   7 206.800 59.625  11 21.981 59.559  18 41.390 46.572  
 1 56.416 73.587   7 206.799 59.625  11 21.981 59.559  18 41.390 46.571  
 1 56.413 73.587   7 206.798 59.624  11 21.982 59.558  18 41.389 46.570  
 1 56.411 73.586   7 206.797 59.623  11 21.982 59.557  18 41.389 46.570  
 1 56.409 73.585   7 206.796 59.622  11 21.983 59.557  18 41.388 46.569  
 1 56.406 73.585   7 206.796 59.622  11 21.982 59.556  18 41.388 46.569  
 1 56.403 73.584   7 206.795 59.621  11 21.983 59.555  18 41.387 46.568  
 1 56.401 73.584   7 206.794 59.620  11 21.983 59.554  18 41.387 46.567  
 1 56.398 73.583   7 206.794 59.619  11 21.983 59.554  18 41.386 46.566  
 1 56.395 73.583   7 206.793 59.619  11 21.983 59.553  18 41.386 46.566  
 1 56.393 73.582   7 206.792 59.618  11 21.983 59.552  18 41.385 46.565  
 1 56.391 73.582   7 206.791 59.617  11 21.984 59.551  18 41.385 46.564  
 1 56.389 73.581   7 206.790 59.616  11 21.984 59.550  18 41.384 46.563  
 1 56.386 73.580   7 206.790 59.615  11 21.984 59.550  18 41.384 46.563  
 1 56.384 73.580   7 206.789 59.615  11 21.985 59.549  18 41.384 46.562  
 1 56.382 73.579   7 206.787 59.614  11 21.986 59.548  18 41.383 46.561  
 1 56.380 73.578   7 206.786 59.613  11 21.986 59.547  18 41.383 46.560  
 1 56.378 73.578   7 206.785 59.612  11 21.987 59.547  18 41.383 46.560  
 1 56.376 73.577   7 206.785 59.611  11 21.987 59.546  18 41.382 46.559  
 1 56.374 73.577   7 206.783 59.611  11 21.987 59.545  18 41.382 46.558  
 1 56.372 73.576   7 206.782 59.610  11 21.988 59.544  18 41.381 46.557  
 1 56.370 73.575   7 206.781 59.609  11 21.989 59.544  18 41.381 46.557  
 1 56.368 73.575   7 206.780 59.608  11 21.989 59.543  18 41.381 46.556  
 1 56.367 73.574   7 206.778 59.608  11 21.990 59.542  18 41.381 46.555  
 1 56.365 73.573   7 206.777 59.607  11 21.991 59.541  18 41.380 46.554  
 1 56.362 73.572   7 206.776 59.606  11 21.991 59.540  18 41.380 46.553  
 1 56.360 73.572   7 206.775 59.605  11 21.991 59.540  18 41.380 46.553  
 1 56.359 73.571   7 206.774 59.605  11 21.992 59.539  18 41.379 46.552  
 1 56.356 73.571   7 206.773 59.604  11 21.992 59.538  18 41.379 46.551  
 1 56.353 73.570   7 206.773 59.603  11 21.992 59.537  18 41.378 46.551  
 1 56.350 73.569   7 206.772 59.602  11 21.993 59.537  18 41.378 46.550  
 1 56.348 73.569   7 206.772 59.602  11 21.993 59.536  18 41.377 46.549  
 1 56.346 73.568   7 206.770 59.601  11 21.993 59.535  18 41.377 46.548  
 1 56.343 73.568   7 206.770 59.600  11 21.993 59.534  18 41.376 46.548  
 1 56.341 73.567   7 206.769 59.599  11 21.994 59.534  18 41.376 46.547  
 1 56.338 73.567   7 206.768 59.598  11 21.994 59.533  18 41.376 46.546  
 1 56.336 73.566   7 206.768 59.598  11 21.994 59.532  18 41.375 46.546  
 1 56.333 73.566   7 206.767 59.597  11 21.994 59.531  18 41.375 46.545  
 1 56.330 73.565   7 206.767 59.596  11 21.995 59.531  18 41.374 46.544  
 1 56.328 73.564   7 206.766 59.595  11 21.995 59.530  18 41.374 46.544  
 1 56.326 73.564   7 206.765 59.595  11 21.995 59.529  18 41.373 46.543  
 1 56.323 73.563   7 206.765 59.594  11 21.995 59.528  18 41.372 46.542  
 1 56.320 73.563   7 206.763 59.593  11 21.996 59.527  18 41.372 46.541  
 1 56.318 73.562   7 206.763 59.593  11 21.996 59.527  18 41.372 46.541  
 1 56.316 73.562   7 206.762 59.592  11 21.996 59.526  18 41.371 46.540  
 1 56.313 73.561   7 206.761 59.591  11 21.997 59.525  18 41.371 46.539  
 1 56.311 73.560   7 206.760 59.590  11 21.997 59.525  18 41.370 46.539  
 1 56.309 73.560   7 206.759 59.589  11 21.997 59.524  18 41.370 46.538  
 1 56.307 73.559   7 206.758 59.589  11 21.998 59.523  18 41.370 46.537  
 1 56.304 73.559   7 206.758 59.588  11 21.998 59.522  18 41.369 46.536  
 1 56.302 73.558   7 206.757 59.587  11 21.998 59.522  18 41.369 46.536  
 1 56.299 73.558   7 206.756 59.586  11 21.999 59.521  18 41.368 46.535  
 1 56.297 73.557   7 206.755 59.586  11 21.999 59.520  18 41.368 46.534  
 1 56.295 73.556   7 206.754 59.585  11 21.999 59.519  18 41.367 46.534  
 1 56.293 73.556   7 206.753 59.584  11 22.000 59.519  18 41.367 46.533  
 1 56.290 73.555   7 206.752 59.583  11 22.000 59.518  18 41.367 46.532  
 1 56.288 73.555   7 206.752 59.583  11 22.000 59.517  18 41.366 46.532  
 1 56.286 73.554   7 206.751 59.582  11 22.001 59.516  18 41.366 46.531  
 1 56.283 73.553   7 206.750 59.581  11 22.001 59.516  18 41.365 46.530  
 1 56.281 73.553   7 206.749 59.580  11 22.002 59.515  18 41.365 46.529  
 1 56.277 73.552   7 206.750 59.580  11 22.001 59.514  18 41.364 46.529  
 1 56.275 73.552   7 206.748 59.579  11 22.001 59.513  18 41.364 46.528  
 1 56.273 73.551   7 206.747 59.578  11 22.002 59.512  18 41.363 46.527  
 1 56.272 73.550   7 206.746 59.577  11 22.003 59.512  18 41.363 46.527  
 1 56.270 73.550   7 206.745 59.577  11 22.003 59.511  18 41.363 46.526  
 1 56.267 73.549   7 206.744 59.576  11 22.003 59.510  18 41.362 46.525  
 1 56.264 73.549   7 206.744 59.575  11 22.004 59.509  18 41.362 46.524  
 1 56.262 73.548   7 206.743 59.574  11 22.004 59.509  18 41.361 46.524  
 1 56.260 73.547   7 206.742 59.574  11 22.004 59.508  18 41.361 46.523  
 1 56.257 73.547   7 206.741 59.573  11 22.005 59.507  18 41.360 46.522  
 1 56.255 73.546   7 206.740 59.572  11 22.005 59.506  18 41.360 46.522  
 1 56.252 73.546   7 206.740 59.571  11 22.005 59.506  18 41.359 46.521  
 1 56.250 73.545   7 206.739 59.571  11 22.005 59.505  18 41.359 46.520  
 1 56.248 73.544   7 206.738 59.570  11 22.006 59.504  18 41.359 46.519  
 1 56.245 73.544   7 206.737 59.569  11 22.006 59.503  18 41.358 46.519  
 1 56.243 73.543   7 206.736 59.568  11 22.007 59.503  18 41.358 46.518  
 1 56.241 73.543   7 206.735 59.567  11 22.007 59.502  18 41.357 46.517  
 1 56.238 73.542   7 206.734 59.567  11 22.007 59.501  18 41.357 46.516  
 1 56.236 73.542   7 206.733 59.566  11 22.008 59.500  18 41.356 46.516  
 1 56.234 73.541   7 206.733 59.565  11 22.008 59.500  18 41.356 46.515  
 1 56.231 73.540   7 206.732 59.565  11 22.008 59.499  18 41.355 46.514  
 1 56.229 73.540   7 206.731 59.564  11 22.009 59.498  18 41.355 46.514  
 1 56.227 73.539   7 206.730 59.563  11 22.009 59.497  18 41.355 46.513  
 1 56.224 73.539   7 206.729 59.562  11 22.009 59.497  18 41.354 46.512  
 1 56.222 73.538   7 206.728 59.562  11 22.010 59.496  18 41.354 46.511  
 1 56.220 73.537   7 206.728 59.561  11 22.010 59.495  18 41.353 46.511  
 1 56.218 73.537   7 206.727 59.560  11 22.011 59.494  18 41.353 46.510  
 1 56.215 73.536   7 206.726 59.559  11 22.011 59.494  18 41.353 46.509  
 1 56.213 73.536   7 206.725 59.558  11 22.011 59.493  18 41.352 46.509  
 1 56.211 73.535   7 206.724 59.558  11 22.012 59.492  18 41.352 46.508  
 1 56.209 73.534   7 206.723 59.557  11 22.012 59.491  18 41.351 46.507  
 1 56.206 73.534   7 206.722 59.556  11 22.013 59.490  18 41.351 46.506  
 1 56.204 73.533   7 206.722 59.555  11 22.013 59.490  18 41.351 46.506  
 1 56.202 73.532   7 206.721 59.555  11 22.013 59.489  18 41.350 46.505  
 1 56.199 73.532   7 206.720 59.554  11 22.014 59.488  18 41.350 46.504  
 1 56.198 73.531   7 206.718 59.553  11 22.014 59.487  18 41.350 46.503  
 1 56.195 73.531   7 206.717 59.552  11 22.015 59.487  18 41.349 46.503  
 1 56.194 73.530   7 206.716 59.551  11 22.015 59.486  18 41.349 46.502  
 1 56.191 73.529   7 206.715 59.551  11 22.016 59.485  18 41.348 46.501  
 1 56.189 73.529   7 206.714 59.550  11 22.016 59.484  18 41.348 46.500  
 1 56.187 73.528   7 206.713 59.549  11 22.017 59.484  18 41.348 46.499  
 1 56.185 73.527   7 206.712 59.548  11 22.017 59.483  18 41.347 46.499  
 1 56.183 73.527   7 206.711 59.548  11 22.018 59.482  18 41.347 46.498  
 1 56.182 73.526   7 206.710 59.547  11 22.018 59.481  18 41.347 46.497  
 1 56.180 73.525   7 206.708 59.546  11 22.019 59.480  18 41.347 46.496  
 1 56.178 73.524   7 206.707 59.545  11 22.020 59.480  18 41.346 46.495  
 1 56.176 73.524   7 206.706 59.544  11 22.020 59.479  18 41.346 46.495  
 1 56.175 73.523   7 206.704 59.543  11 22.021 59.478  18 41.346 46.494  
 1 56.173 73.522   7 206.703 59.543  11 22.022 59.477  18 41.346 46.493  
 1 56.171 73.521   7 206.702 59.542  11 22.022 59.476  18 41.345 46.492  
 1 56.169 73.521   7 206.701 59.541  11 22.023 59.476  18 41.345 46.491  
 1 56.167 73.520   7 206.700 59.540  11 22.023 59.475  18 41.345 46.490  
 1 56.165 73.519   7 206.699 59.540  11 22.024 59.474  18 41.344 46.490  
 1 56.163 73.519   7 206.698 59.539  11 22.024 59.473  18 41.344 46.489  
 1 56.161 73.518   7 206.697 59.538  11 22.025 59.473  18 41.344 46.488  
 1 56.159 73.517   7 206.696 59.537  11 22.025 59.472  18 41.343 46.487  
 1 56.157 73.517   7 206.695 59.537  11 22.026 59.471  18 41.343 46.487  
 1 56.154 73.516   7 206.694 59.536  11 22.026 59.470  18 41.342 46.486  
 1 56.152 73.516   7 206.693 59.535  11 22.026 59.470  18 41.342 46.485  
 1 56.149 73.515   7 206.692 59.534  11 22.027 59.469  18 41.342 46.485  
 1 56.147 73.514   7 206.691 59.533  11 22.027 59.468  18 41.341 46.484  
 1 56.145 73.514   7 206.690 59.533  11 22.027 59.467  18 41.341 46.483  
 1 56.143 73.513   7 206.690 59.532  11 22.028 59.466  18 41.340 46.482  
 1 56.141 73.513   7 206.689 59.531  11 22.028 59.466  18 41.340 46.482  
